v 988.3 33.3642  560
v 987.309 33.3642  560
v 983.801 33.3642  560
v 977.765 33.3642  560
v 969.203 33.3642  560
v 958.309 33.3642  560
v 946.551 33.3642  560
v 933.142 33.3642  560
v 917.986 33.3642  560
v 901.083 33.3642  560
v 896.594 33.3642  560
v 873.363 33.3642  560
v 852.902 33.3642  560
v 830.75 33.3642  560
v 807.381 33.3642  560
v 782.898 33.3642  560
v 757.304 33.3642  560
v 731.052 33.3642  560
v 703.855 33.3642  560
v 675.547 33.3642  560
v 646.128 33.3642  560
v 615.598 33.3642  560
