v 988.3  33.57  560
v 988.227  33.3518  560.001
v 986.353  33.3519  560
v 981.95  33.355  560
v 975.022  33.3558  560
v 965.567  33.3551  560
v 954.311  33.3591  560
v 942.026  33.3651  560
v 927.993  33.3644  560
v 912.216  33.363  560
v 894.729  33.3631  560
v 876.207  33.3631  560
v 855.999  33.3628  560
v 834.069  33.3632  560
v 810.863  33.3636  560
v 786.545  33.3659  560
v 761.115  33.3657  560
v 734.933  33.3652  560
v 707.899  33.3653  560
v 686.895  33.3653  560
v 748.055  33.3657  560
v 693.966  33.365  560
