v 988.3  33.57  560
v 988.3  33.3508  560.001
v 987.177  33.3569  560
v 983.534  33.3568  560
v 977.365  33.355  560
v 968.667  33.3542  560
v 957.707  33.3523  560
v 945.889  33.3646  560
v 932.381  33.3624  560
v 917.127  33.3625  560
v 900.126  33.3634  560
v 881.923  33.3632  560
v 862.238  33.3633  560
v 840.804  33.3638  560
v 817.932  33.3637  560
v 793.947  33.3662  560
v 768.849  33.365  560
v 742.816  33.3656  560
v 716.113  33.3654  560
v 688.302  33.3652  560
v 659.38  33.3651  560
v 629.346  33.3651  560
v 598.202  33.3652  560
v 565.946  33.3652  560
v 532.578  33.3652  560
v 498.1  33.3652  560
v 462.51  33.3655  560
v 462.51  33.3655  558.859
