v 988.3  33.57  560
v 987.292  33.3581  560
v 983.775  33.3567  560
v 977.731  33.3547  560
v 969.159  33.3541  560
v 958.27  33.3519  560
v 946.515  33.3642  560
v 933.094  33.3621  560
v 917.927  33.3626  560
v 901.012  33.3636  560
v 882.856  33.3634  560
v 863.258  33.3634  560
v 841.91  33.3639  560
v 819.094  33.3638  560
v 795.164  33.366  560
v 770.121  33.3648  560
v 744.113  33.3655  560
v 717.465  33.3654  560
v 682.596  33.3654  560
v 653.451  33.3654  560
v 623.192  33.3654  560
v 591.827  33.3654  560
v 559.349  33.3654  560
v 525.758  33.3654  560
v 491.057  33.3654  560
v 455.244  33.3654  560
v 418.319  33.3654  560
v 380.43  33.3654 560
v 341.761  33.3654  560
v 301.981  33.3654  560
