v 988.3  33.57  560
v 988.3  33.3508  560.001
v 988.13  33.3561  560.001
v 985.94  33.3522  560
v 981.222  33.3539  560
v 973.976  33.3553  560
v 964.205  33.3552  560
v 952.869  33.3616  560
v 940.364  33.3642  560
v 926.111  33.3642  560
v 910.115  33.3642  560
v 901.461  33.3642  560
v 868.852  33.3642  560
v 848.007  33.3642  560
v 825.55  33.3642  560
v 801.94  33.3642  560
v 777.218  33.3642  560
v 751.414  33.3642  560
v 725.032  33.3642  560
v 697.606  33.3642  560
v 639.419  33.3642  560
v 612.243  33.3642  560
v 612.243  33.3642  560
v 501.012  33.3642  560
