988.3
988.3
988.3
988.3
988.3
988.3
988.3
988.3
988.227
988.13
987.292
987.177
987.055
986.353
985.94
983.775
983.534
983.286
981.95
981.222
977.731
977.365
976.99
975.022
973.976
969.159
968.167
968.667
965.567
964.205
958.27
957.142
957.707
954.311
952.869
946.515
945.889
945.257
942.026
940.364
933.094
932.381
927.993
926.111
917.927
917.127
912.216
910.115
901.461
901.012
900.126
894.729
882.856
881.923
876.207
868.852
863.258
862.238
855.999
848.007
841.91
840.804
834.069
825.55
819.094
817.932
810.863
801.94
795.164
793.947
786.545
777.218
770.121
768.849
761.115
751.414
748.055
744.113
742.816
734.933
725.032
717.465
716.113
707.899
697.606
693.966
688.302
686.895
682.596
659.38
653.451
639.419
623.192
629.346
612.243
612.243
598.202
591.827
565.946
559.349
532.578
525.758
501.012
498.1
491.057
498.1
462.51
455.244
418.319
380.43
341.761
301.981