720    <--0
26.21
1012.8
1.99609
-0
-0
6.36541e-25
4.59163e-41
0
0
1.77965e-43
1.17087e-38
1.70803e+38
1.70801e+38
1.43493e-41
1.19209e-07
-2.66476e+10
1.45921e+37
-3.40279e+38
-6.62234e-24
-1.15313e+14
5.36887e+08
-1.0995e+12
2.40785e-35
2.40785e-35
2.34636e-38
3.30978e+38
5.30494e-29
5.28791e-29
-3.86302e-39
6.42997e-40
1.79055e-30
2.06347e-18
nan
3.51271e-39
-4.64671e-33
1.38451e+11
nan
2.66874e-39
2.66327e-39
-3.38954e+38
1.54743e+26
-1.16633e-38
-1.51531e-39
1.28342e-13
1.54575e-33
-1.74263e-13
1.39657e+19
-2.61178e+38
6.82197e-13
-8.37109
2.16759e-38
-2.01216e+38
36437.5
32839
1.7051e+38
3.57331e-43
1.70803e+38
5.05125e-29
5.05125e-29
9.78054e-39
720.001    <--1
26.009
1011.63
2.05469
1.15857e-34
-1.18104e+30
7.59124e-25
1.88143e-28
1.19388e-38
1.19388e-38
9.16547e-41
1.17011e-38
-1.51546e-39
-1.51531e-39
7.74658e+25
1.19242e-07
-1.01359e+10
7.82629e+36
4.70192e-38
-4.26408e+37
-1.19623e-38
3.72378e+31
2.95144e+20
-2.16106e+09
-2.16105e+09
2.34636e-38
3.16356e+38
5.06828e-29
5.05125e-29
-3.67934e-39
8.26668e-40
6.98794e-25
-3.93569e-35
nan
7.82897e-39
-2.83638e-37
-1.26234e+30
nan
3.17947e-38
3.17759e-38
-3.38959e+38
9.90352e+27
-4.68365e-38
-1.51567e-39
8.02137e-15
1.54575e-33
-3.21459e+06
0.00295735
-2.61174e+38
1.78812e-07
-8.58301
nan
-2.01409e+38
-8.48511e-21
-6.86188e-21
1.72291e+38
3.57331e-43
1.70803e+38
5.13014e-29
5.05125e-29
9.78054e-39
720.001    <--2
25.9831
1007.94
1.99609
5.36847e-33
-1.40735e+36
9.30591e-25
1.61763e-16
1.17556e-37
1.17556e-37
9.16547e-41
1.17019e-38
-4.24687e-37
-1.51531e-39
7.74658e+25
1.19242e-07
-4.37312e+09
1.7514e+36
-3.40279e+38
2.28685e+18
6.22841e-08
-2.65732e-23
-8.47021e-22
-1.21727e-07
-1.21727e-07
2.34636e-38
3.13698e+38
5.06828e-29
5.05125e-29
-3.67934e-39
8.26668e-40
1.61617e-33
881693
nan
-9.85498e+36
-7.26144e-35
1.19874e-35
nan
6.47091e-37
6.4656e-37
-3.38971e+38
6.1897e+26
-1.16633e-38
-4.24648e-37
8.02203e-15
1.54575e-33
-196.203
-2.50488e-24
-2.61167e+38
2.37692e+29
-8.70312
2.30261e-38
-2.01622e+38
2.35888e-24
1.70727e-24
1.75583e+38
3.57331e-43
1.70803e+38
5.05125e-29
5.0907e-29
9.78054e-39
720.001    <--3
25.6645
1001.59
2.02344
6.08569e-32
-4.79732e+33
1.20205e-24
0.00374603
5.45474e-36
5.45474e-36
9.16547e-41
1.17019e-38
-2.65415e-38
-1.51531e-39
7.74658e+25
1.19242e-07
-6.2538e+07
1.48006e+35
1.88077e-37
-1.00781e+31
1.61831e-05
-514.031
-7.03678e+13
-3.50743e+07
-3.50741e+07
2.34636e-38
3.13698e+38
5.14716e-29
5.05125e-29
-3.67934e-39
8.26668e-40
4.08287e+35
2.48772e+14
nan
-4.24107e+37
-1.81541e-35
6.20905e-33
nan
7.34563e-35
7.33608e-35
-3.38988e+38
6.1897e+26
-1.16633e-38
-1.51531e-39
8.02137e-15
4.05209e-28
1.01874e+36
3.57484e+21
6.28813e-39
-1.58843e-22
-8.78296
2.33529e-38
-2.01835e+38
-2.14682e+08
-5.6959e+08
1.80516e+38
3.57331e-43
1.70803e+38
5.05125e-29
3.10646e-33
9.78054e-39
720    <--4
25.3674
992.425
1.91016
3.00449e-31
-2.99225e+35
1.46068e-24
9.42208e+10
1.41456e-33
1.40855e-33
9.16547e-41
1.17019e-38
-1.06169e-37
-1.51531e-39
7.74658e+25
1.19271e-07
-7.1112e+06
4.85235e+33
1.20372e-35
-1.70012e+38
5.30386e+33
-1.97673e+26
-3.4694e-18
7.13975e-24
4.46193e-25
2.34636e-38
3.13698e+38
5.06828e-29
5.05125e-29
-3.67934e-39
2.93888e-39
-5.88229e+18
-0.000897434
nan
-nan
-2.82194e-37
9.7013e-35
nan
4.12794e-32
4.08382e-32
-3.39012e+38
3.96141e+28
-1.16633e-38
-1.51531e-39
3.20855e-14
1.65651e-24
5.79089e+22
-3.7323e-32
-2.61141e+38
-2.49283e+35
2257.19
2.23912e-38
-2.01954e+38
-1.00608e-26
-1.10894e-28
1.86845e+38
3.57331e-43
1.70803e+38
5.05125e-29
5.05125e-29
3.90307e-39
720.001    <--5
25.3559
981.23
2.02344
4.49898e-31
-2.90191e+30
1.54314e-24
9.41753e-05
1.28839e-30
1.27607e-30
9.16547e-41
1.17108e-38
-1.51546e-39
-1.51531e-39
2.27659e-13
1.1922e-07
-7.3832e+06
9.5681e+31
-8.30758e+34
4.66205e-10
1.06701e+06
-1.07119e+32
1.23792e+27
4.51465e-28
1.1286e-28
2.34636e-38
3.38953e+38
5.06828e-29
5.05125e-29
-3.67934e-39
-nan
-8.6429e+21
-1.07425e+15
nan
3.60453e-39
-1.41098e-37
0.0159824
nan
4.44173e-29
4.37944e-29
-3.39038e+38
6.33825e+29
-1.16633e-38
1.92074e+38
8.02116e-15
2.46839e-32
-1.66191e-19
-5.45478e+16
-2.61126e+38
6.35255e-22
8.8418
-3.53868e-37
-2.0205e+38
-0.00071045
-8.68576e-06
1.93689e+38
3.57331e-43
1.70803e+38
5.05125e-29
5.05125e-29
3.90306e-39
720.001    <--6
25.3653
969.098
2.08594
9.491e-31
-6.08099e+26
1.75099e-24
0.0237427
2.00781e-27
1.98256e-27
9.16547e-41
1.17026e-38
-1.51546e-39
-1.51531e-39
2.27652e-13
1.19286e-07
-7.63677e+06
1.20175e+30
7.52308e-37
-0.00195475
-267752
4.58534e-30
16383.8
-1.17202e-28
-7.32452e-30
2.34636e-38
3.23002e+38
5.06828e-29
5.05125e-29
-3.67934e-39
1.9286e-39
-1.21168e+23
-2.05835e-24
nan
3.14536e-39
-2.35198e-38
-6.66556e-24
nan
1.16526e-25
1.13968e-25
-3.39068e+38
4.05648e+31
-1.16633e-38
1.92074e+38
8.02116e-15
2.58829e-26
3.70617e+24
-2.44601e-27
-2.61109e+38
6.50462e-19
1.28354e-39
nan
-2.02183e+38
-1.61379e-22
-1.95941e-24
2.01503e+38
3.57331e-43
1.70803e+38
5.05125e-29
5.05125e-29
3.90306e-39
720.001    <--7
25.3638
955.219
1.98047
1.87355e-30
-5.59022e+27
2.0854e-24
918
9.10407e-24
9.05237e-24
9.16547e-41
1.17036e-38
-1.51546e-39
-1.51531e-39
2.27652e-13
1.19286e-07
-7.6657e+06
8.60895e+27
4.70192e-38
4.77219e-07
1.98756e-31
1.28233e-14
-1.93425e+25
-6.64986e+11
-1.66237e+11
2.34636e-38
3.20344e+38
5.06828e-29
5.05125e-29
-3.67934e-39
1.9286e-39
-4.50073e+24
-2.57382e+24
nan
2.68619e-39
-2.35202e-38
-515.672
nan
8.68783e-22
8.54387e-22
-3.39101e+38
2.5353e+30
-1.16633e-38
-1.51531e-39
8.02137e-15
2.58829e-26
6.19108e-28
-3.73231e-32
-2.61089e+38
1.62629e-19
1.3248e-39
8.65241e-38
-2.02321e+38
0.791923
0.00965836
2.1033e+38
3.57331e-43
1.70803e+38
5.05125e-29
5.03026e-29
3.90306e-39
720.001    <--8
25.363
939.595
1.98047
3.35267e-30
-4.58077e+24
2.4283e-24
2.00802e+08
1.12761e-19
1.11914e-19
9.16547e-41
1.1704e-38
-1.51546e-39
-1.51495e-39
2.27652e-13
1.19286e-07
-7.62448e+06
3.30366e+25
-8.50696e+37
-1.73622e-18
3.10557e-33
56.3778
-1023.99
-2.84734e+15
-1.77945e+14
2.34637e-38
3.20344e+38
5.06828e-29
5.05125e-29
-3.67934e-39
1.9286e-39
-9.22812e+24
-178439
nan
2.59435e-39
-2.35205e-38
5.94497e+20
nan
2.02005e-17
1.9856e-17
-3.39139e+38
6.33825e+29
-1.16633e-38
-1.51531e-39
8.02137e-15
2.58829e-26
0.00299382
-3.02801
-2.61067e+38
1.01645e-20
1.36175e-39
2.11973e-38
-2.02457e+38
-7.34079e-16
-8.97964e-18
2.2017e+38
3.57331e-43
1.70803e+38
5.05125e-29
5.05125e-29
3.90306e-39
720.001    <--9
25.3632
922.236
1.99609
5.52204e-30
-4.39495e+29
2.72663e-24
7.11354e+10
4.33416e-15
4.27865e-15
9.16547e-41
1.17044e-38
-1.51546e-39
-1.51531e-39
2.27659e-13
1.19286e-07
-7.64675e+06
7.04461e+22
-8.50696e+37
-1.47568e+20
1.5378e-05
5.46534e+11
1.88076e-37
-3.42478e-26
-2.14034e-27
2.34637e-38
3.36295e+38
5.06828e-29
5.05125e-29
-3.77117e-39
1.9286e-39
-4.60197e+25
1.07089e+08
nan
-nan
-2.35206e-38
1.51573e-36
nan
1.03201e-12
1.01018e-12
-3.39179e+38
-0
-1.16633e-38
-1.51531e-39
8.02137e-15
2.58829e-26
-784.812
1.76253e-10
-2.61043e+38
4.06572e-20
1.3804e-39
2.24102e-38
-2.02526e+38
-2.47551e-24
-3.50555e-26
2.30731e+38
3.57331e-43
1.70803e+38
5.05125e-29
5.05125e-29
3.90306e-39
720.001    <--10
25.3629
903.823
1.99609
7.79005e-30
-3.49573e+21
2.94446e-24
6.67187
3.07748e-10
3.0411e-10
9.16547e-41
1.17022e-38
-1.51546e-39
1.92069e+38
2.27652e-13
1.19286e-07
-7.64957e+06
1.09692e+20
-3.40279e+38
4.77423e-07
1.30822e+33
1.53836e+26
3.4694e-18
-182053
-11377.5
2.34637e-38
3.16356e+38
5.06828e-29
5.03026e-29
-3.67934e-39
1.9286e-39
-3.1019e+25
-2.33498e-38
nan
1.21682e-39
-2.76329e-37
-3.38867e+38
nan
1.13746e-07
1.12319e-07
-3.39223e+38
2.5353e+30
-1.16633e-38
-1.51531e-39
8.02137e-15
2.58829e-26
-5.39319e+13
-2.56482e-21
-2.61018e+38
2.36656e-30
-0.00875092
2.20264e-38
-2.02661e+38
2.81311e-12
4.04487e-14
2.42133e+38
3.57331e-43
1.70803e+38
5.05125e-29
5.05125e-29
3.90306e-39
720.001    <--11
25.3626
883.768
1.99609
1.21288e-29
-1.80125e+29
3.27005e-24
49536
5.67962e-05
5.63193e-05
9.16547e-41
1.1704e-38
-1.51546e-39
1.92069e+38
2.27652e-13
1.19286e-07
-7.59312e+06
8.93733e+16
-3.40279e+38
-6.17092e-33
1.08213e+09
-5.98317e-36
-3.1554e-30
-0.18237
-0.0113974
2.34637e-38
3.20344e+38
5.06828e-29
5.03026e-29
-3.67934e-39
1.9286e-39
-1.6794e+25
3796.11
nan
2.86986e-39
-2.35211e-38
-8.50488e+37
nan
0.0379122
0.0371676
-3.3927e+38
6.33825e+29
-1.16633e-38
-1.51531e-39
8.02137e-15
2.58829e-26
7.30914e-07
2.56482e-21
-2.6099e+38
3.87737e-26
1.44139e-39
nan
-2.02801e+38
-5.97028e-37
-5.83236e-39
2.54548e+38
3.57331e-43
1.70803e+38
5.05125e-29
5.05125e-29
3.90306e-39
720.001    <--12
25.3632
861.978
1.99609
1.89327e-29
-1.37425e+24
3.85252e-24
6.43563e+07
30.6572
30.4072
9.16547e-41
1.17044e-38
-1.51546e-39
-1.51531e-39
2.27652e-13
1.19286e-07
-7.59517e+06
4.05501e+13
-3.40279e+38
-3.35731e+07
8.17636e+31
-7.21237e-24
-63.9991
2.43184e+29
1.51981e+28
2.34637e-38
3.28319e+38
5.06828e-29
5.05125e-29
-3.67934e-39
1.9286e-39
-5.97914e+24
-2.91123e-17
nan
1.58416e-39
-2.35213e-38
-4.28297e+37
nan
31271.5
30883.5
-3.39321e+38
1.03846e+34
-1.16633e-38
-1.51531e-39
8.02137e-15
2.58829e-26
2.72287e-15
9.78403e-27
-2.60961e+38
6.05839e-28
1.45932e-39
2.11966e-38
-2.02889e+38
6.88362e+37
1.04619e+36
2.67815e+38
3.57331e-43
1.70803e+38
5.05125e-29
5.05125e-29
3.90306e-39
720.001    <--13
25.3637
838.87
1.99609
2.36659e-29
-6.58618e+19
4.31392e-24
1.6341e+10
3.75645e+07
3.73023e+07
9.16547e-41
1.17054e-38
-1.51546e-39
-1.51531e-39
2.27652e-13
1.19286e-07
-7.61258e+06
1.254e+10
-3.40279e+38
-2.66002e+36
2.13413e-22
-1.19467e-13
-3.99994
-4.58898e-14
-3.59868e+06
5.05125e-29
-3.67934e-39
1.9286e-39
-3.95293e+24
1.20124e+28
8.90598e-29
3.90306e-39
1.35e+36
-3.40279e+38
176206
1.45103e-38
0
0
0
0
0
