875.2    <-0
114.21
912
1.99414
-0
-0
6.36541e-25
4.59163e-41
0
0
1.77965e-43
1.17087e-38
1.70803e+38
1.70801e+38
1.43493e-41
2.93234e+16
-1.31074e+22
9.44481e+21
3.69773e-32
-6.62234e-24
-3.54174e+13
1.06956e+09
-1.0995e+12
2.40785e-35
2.40785e-35
2.34636e-38
3.30978e+38
5.30494e-29
5.28791e-29
-3.86302e-39
-2.1167e+18
1.16531e-36
7.5868e-40
1.99427
2.8699e-39
2.32359e-38
65.4728
nan
2.66874e-39
2.66327e-39
-3.38954e+38
1.54743e+26
-1.16633e-38
-1.51531e-39
1.28342e-13
-1.06016e-22
2.72498e-15
3.75346e-32
-2.61048e+38
2.54266e-21
5.45273e-40
8.60642e-38
-2.01215e+38
36437.5
32839
1.7051e+38
3.57331e-43
1.70803e+38
5.05125e-29
5.05125e-29
3.90307e-39
876.366    <-1
114.009
911.999
2.48828
1.15105e-34
-8.83394e+30
7.56703e-25
1.87354e-28
1.19388e-38
1.19388e-38
9.16253e-41
1.17011e-38
-1.51547e-39
-1.51531e-39
2.27652e-13
5.50141e+16
-9.84459e+21
9.41609e+21
1.04277e-17
-6.66221e+35
4.10359e-25
1.08728e+31
7.37962e+19
-2.16106e+09
-2.16105e+09
2.34471e-38
-1.01019e-38
5.06905e-29
5.05125e-29
-3.67934e-39
6.71755e+34
5.76526e-35
-2.82895e+37
12.7667
9.39022e-39
-1.06366e+37
-2.52529e+38
-3.75767e-40
3.17947e-38
3.17759e-38
-2.72498e+38
9.90352e+27
-4.88572e-38
-1.51567e-39
8.02137e-15
-3.78279e+22
1.55571e+31
1.30789e+10
-4.68232e-05
5.27811e+13
8.54142e-40
0.0308361
1.78119e-36
-5.30307e-22
-4.28841e-22
3.39763e+07
3.57331e-43
-6.04267e-36
5.13014e-29
5.05125e-29
3.90306e-39
880.027    <-2
113.989
911.81
1.03334
5.1759e-33
-3.88747e+37
9.29347e-25
1.60896e-16
1.15351e-37
1.15351e-37
9.15819e-41
1.2161e-38
-1.06172e-37
-1.51531e-39
2.27652e-13
2.387e+17
-8.45542e+21
8.59031e+21
-50838.3
8.73788e+12
8.38365e+12
-2.14295e-23
3.63832e-12
-4.75441e-10
-4.75438e-10
2.3445e-38
-1.77547e-34
5.10864e-29
5.05125e-29
-3.67934e-39
-1.62254e-09
-76936.7
-3.92001e+14
447011
-2.49635e+37
-1.57244e+29
1.3738e-37
-1.92152e-40
6.32397e-37
6.31867e-37
-2.69851e+38
2.47588e+27
-1.21225e-38
-4.24648e-37
8.02203e-15
-2.41053e-35
9.45457e-33
-6.03152e+28
12.2744
5.75812e-39
-1.15652e+37
1.36755e+11
-1.26011e+37
9.21419e-27
1.04182e-28
8.65511e+06
3.57331e-43
-1.51099e-36
5.04879e-29
5.0907e-29
3.85715e-39
886.143    <-3
113.677
910.48
1.17425
5.73864e-32
-nan
1.2018e-24
0.00373077
5.24316e-36
5.24315e-36
9.15819e-41
1.28042e-38
-4.82551e-41
-4.70164e-41
1.73684e-18
2.34187e+18
-2.85364e+21
4.4758e+21
-5.60404e+10
-2.42466e+27
7.03077
-191.242
1.20897e+24
-8.36749
-34255
2.3445e-38
-2.92125e-30
5.06889e-29
5.246e-29
-3.6736e-39
-3.30608e-37
-5.38369e+16
1.45591e-05
1.39386e+12
-9.72042e+37
-3.56133e+16
1.8573e-36
-1.00372e-40
8.05998e-35
7.33608e-35
-2.69868e+38
2.47588e+27
-1.20306e-38
-4.77338e-41
8.02137e-15
6.31869e-30
-1.82885e-07
1.73093e-13
-1.03966e-20
-2.37357e+29
-4.66749e+37
1.09257e-19
-5.04572e+37
-9.1109e+17
-2.22586e+06
8.89959e+06
3.57331e-43
-3.77805e-37
5.08823e-29
5.05125e-29
3.85715e-39
894.161    <-4
113.385
906.35
0.798243
2.75795e-31
-nan
1.44197e-24
3.22961e+09
1.4567e-33
1.41456e-33
9.15819e-41
1.37222e-38
-1.51619e-39
-1.69859e-36
2.27652e-13
4.2103e+19
-1.71433e+21
8.11932e+20
1.51605e+13
-3.95864e+28
-1.1259e+17
-2.70606e+24
5.96029e-08
1.14252e-22
6.9694e-27
2.3445e-38
-4.88037e-23
5.06874e-29
5.05125e-29
-3.67934e-39
-1.55743e-24
-8.92959e-05
-6.68818e-05
2.16558e+19
6.54334e-39
-32.0128
-3.50098e+27
nan
4.18609e-32
3.77568e-32
-2.65904e+38
2.47588e+27
-4.77553e-38
-1.51567e-39
3.20855e-14
-6.47073e-27
-3.53765e+18
-1.54404e+31
-1.06458e-17
9.94515e+35
1.19924e-39
0.00778779
-5.04885e+37
-1.64899e-25
-1.03275e-37
2.19599
3.57331e-43
-9.44743e-38
5.05125e-29
5.0907e-29
3.90307e-39
902.142    <-5
113.38
898.667
0.806243
4.37575e-31
-2.73432e+38
1.5381e-24
0.0788574
1.27607e-30
1.23293e-30
9.15636e-41
1.40067e-38
-1.51619e-39
-4.24648e-37
2.27659e-13
5.57266e+20
-1.73948e+21
4.33328e+19
-4.71315e-26
1.08484e-19
-2.87859e-22
-7.14388e+29
3.09476e+26
1.10215e-31
2.68924e-35
2.34396e-38
-8.66885e-22
5.14778e-29
5.05125e-29
-3.67934e-39
1.99985e+10
-1.09956e-18
2.61467e+32
2.53907e+27
-1.37077e+38
-7.05135e-15
1.57958e-37
nan
4.36275e-29
3.86668e-29
-2.4998e+38
1.62259e+32
-1.23194e-35
1.92089e+38
8.02137e-15
-8.8075e+12
3.2948e+09
9.8818e+32
-4.5721e-08
2.49765e+35
-1.14741e+34
3.52591e+13
-7.89229e+35
-4.33615e-08
-3.01227e-23
0.00888921
3.57331e-43
-3.78023e-37
5.20903e-29
5.16958e-29
3.90306e-39
907.627    <-6
112.832
888.161
4.26421
9.48955e-31
7.95415e-39
1.75773e-24
0.0236206
1.79323e-27
1.7175e-27
9.15566e-41
1.47328e-38
-3.77714e-37
-6.79529e-36
1.13826e-13
2.93808e+21
-8.5238e+19
8.72366e+17
-1.25916e+33
-126712
-1.52391e+30
2.64923e-29
4095.38
-2.72947e-38
3.08309e+36
2.34263e-38
-2.04982e-19
5.42419e-29
5.24847e-29
-3.67361e-39
37.5
3.56812e-38
2.01418e+27
1.14868e+37
-2.84279e+32
-5.32639e-24
9.82245e-33
nan
1.30266e-25
1.00201e-25
-1.9684e+38
1.62259e+32
-5.003e-35
-6.79437e-36
8.02268e-15
-3.87358e+25
0.0479463
-5.35638e+13
9.72316e+29
2.04171e+08
-0.00867652
0.000123835
-3.15984e+36
-0.0120558
-1.91383e-27
1.11394e-37
3.57331e-43
-2.42052e-35
5.03026e-29
5.16958e-29
3.90306e-39
908.86    <-7
109.631
874.459
431.066
2.60035e-30
5.60593e-38
2.26153e-24
792576
1.06034e-23
1.05e-23
9.14768e-41
1.71227e-38
1.92081e+38
1.70817e+38
3.47369e-18
2.30249e+21
-5.01999e+15
5.98509e+15
9.44156e-22
4.05244e+34
-5.68572e+15
3.01851e-05
-4095.19
2.98807e-32
1.86566e-33
2.34181e-38
-0.949219
1.18948e-38
5.05125e-29
3.67934e-39
-7.72456e-27
1.33901e-30
-0.000345728
-1.97169e-26
-6.71196e+35
-4.09435e-12
5.49562e-37
nan
1.6233e-21
1.3507e-21
-1.96875e+38
1.01412e+31
-1.22144e-38
1.92069e+38
8.02116e-15
6.31907e-30
1.1431e-08
1.08157e-14
2.4782e-27
-8.66889e+14
-1.09959e-31
7.20186e-15
-1.26513e+37
-3.58727e+12
-1.40968e-13
1.25198e-28
3.57331e-43
-3.78344e-37
5.03026e-29
5.03026e-29
3.90306e-39
901.316    <-8
107.051
859.85
2313.96
5.12791e-30
3.75794e-37
2.66038e-24
9.08386e+11
2.76349e-19
2.7296e-19
9.14768e-41
1.66635e-38
1.92071e+38
1.92069e+38
2.27652e-13
7.26892e+19
-6.76256e+13
4.98316e+13
-1.55354e-35
-9.8669e+18
2.02512e+30
1.1768e+11
-2.16828e-19
-5.25714e-25
-3.28246e-26
2.34181e-38
-5.68107e-08
1.92234e-34
5.03026e-29
-3.67934e-39
-9.69788e-38
-3.52253e-28
-1.13013e-28
-3.36206e-13
8.34214e-33
-2.74943e+14
1.58563e-28
nan
8.29647e-17
6.46805e-17
-3.2718e+38
9.22337e+18
-7.77381e-37
1.80116e+38
-3.00871e-14
0.500648
2.79057e-12
2.40167e-30
50261
7.25146e-07
1.86375e+35
7.96873
-2.02744e+38
-1.04322e+36
-1.79177e+11
3.21368e-32
3.57331e-43
-7.0158e-37
1.91863e-34
1.95646e-34
3.90324e-39
884.307    <-9
108.888
849.878
111.847
2.21903e-29
-2.29819e+38
4.16289e-24
2.49141e+09
4.73314e-14
4.68872e-14
9.16267e-41
-1.08442e-33
1.80129e+38
-9.95469e-38
2.2854e-13
9.36674e+16
-2.55742e+16
2.24736e+12
2.77588e-31
1.16577e-19
5.40685e+20
-8.59727e-06
7.92259e+28
-8.72507e+32
-5.44807e+31
2.34332e-38
-1.08247e-14
1.99379e-34
1.91863e-34
-1.54311e-38
1.01743e-22
-4.52446e-39
-3.55386e-21
-4.12067e-06
4.12301e-33
-7.801e+28
2.45558e-24
nan
1.00659e-10
8.19376e-11
-3.39196e+38
8.79609e+12
-7.67943e-37
1.80116e+38
-3.00879e-14
6.31907e-30
-6.8121e-16
1.13423e-08
1.74372e-13
-3.76743e-32
1.20082e+37
0.12289
-1.27007e+37
-1.38678e+10
-2.46608e-15
7.63199e+11
3.57331e-43
-1.64946e-38
1.92637e-34
1.94142e-34
3.90325e-39
858.858    <-10
110.359
843.992
441.452
7.41675e-29
-2.22577e+37
6.33494e-24
225.5
3.78502e-07
3.74775e-07
9.15917e-41
-0.00471008
-6.89669e-40
-2.48867e-38
2.2854e-13
7.61726e+12
-7.71088e+17
4.27469e+11
-4.86872e+35    <-11
-2.72488e+30
1.53759e-30
1.65471e-30
-1.20356e-35
1.41873e-31
3.54365e-32
2.34637e-38
-1.69572e-22
1.96353e-34
1.91863e-34
-1.54311e-38
-7.55581e+24
-6.92446e-36
-9.48202e-23
-0.013383
5.25456e-33
-3.29798e+35
2.03327e-36
nan
0.00464769
0.0036504
-3.39262e+38
32768
-7.51669e-37
1.80116e+38
-7.52177e-15
1.13834e-13
3.87165e-29
-3.84306e-29
-0.000748909
0.0119783
4.82988e+37
2.5586e-23
-2.03694e+38
7.71084e-07
1.47217e-31
2.54003e+38
3.57331e-43
1.3152e-24
4.59149e-41
1.93715e-41
0
-4.22839e-17
2.73003e-09
-3.66486e-35
8.68795e+16
-1.37966e+16
-3.29597e+22
3.53847e+18
4.83598e+37
2.58895e-20
2.32718e-39
7.634e-39
-2.14286e+14
6.14231e-39
4.95912e-39
nan
128.002
0.00389502
109.75
817.665    <-12
111.18
840.72
1053.91
2.84054e-28
-1.81221e+30
1.23712e-23
1.5778e+14
28323.5
28067.4
1.90735e-06
-2.63386e+11
4.64544e-41
2.60052e+38
-7.21659e+16
2.29486e+06
-5.94465e+18
1.49247e+11
-1.8202e-32
-1.55745e+17
-3.55352e+16
-3.44684e-35
-6.71132e+07
2.38774e-36
1.49116e-37
1.05097e-43
1.03441e+33
1.18926e-38
3.64542e-12
2.40167e-30
-4.17894e-25
-3.91241e+27
-7.42645e+23
-0.0340007
1.00759e-32
-5.27683e+36
-6.87613e-19
-1.92855e-40
3.99778e+09
3.31031e+09
2.8452e-41
1.37665e+11
3.93475e-39
876.366
114.009
7.07789e+37
-5.79286e+22
-2.70441e-15
-1.58586e-25
-6.06575e+28
1.21415e+37
2.16607e+12
7.40034e-33
-2.39898e+23
-0.0517066
-3.88983e-38
-1.51495e-39
-1.36057e-36
-3.70952e+24
5.04548e-29
109.75
777.534    <-13
112.17
838.894
227.748
6.43831e-28
-1.26943e+38
2.08925e-23
8.87094e+08
9.73486e+14
1.04386e+15
1.90737e-06
-6.1779e+33
2.24194e+12
2.3297e+38
-7.21655e+16
1.27381
-1.8341e+35
1.06329e+11
-8.18318e-20
6.21483e+20
-1.43474e+14
-2.33035e+15
0.0156205
7.85168e-13
-1.67126e+25
7.25929e-41
-7.67413e-07
5.03885e-29
1.14311e-08
1.08157e-14
-3.537e+18
-2.94486e+13
-1.99466e+21
-16.4084
1.7063e-37
7.43711e-37
1.9184e-34
-9.2766e-42
4.31922e+20
6.38172e+20
3.50114e-41
3.96794e+28
3.90324e-39
902.141
113.38
9.53168e+14
5.14397e+07
3.04508
6.52386e+37
-3.60802e+24
1.21646e+37
-1.46312e-36
2.37594e-39
-209.014
-2.7874e+26
9.37203e-39
4.95912e-39
1.70783e+38
-6.46245e-27
-1.22098e+21
1.63351e+15
733.165    <-14
113.511
840.398
0.877952
7.47831e-28
-1.11641e+35
2.31017e-23
3.27277e+12
4.90855e+25
3.39129e+25
1.90735e-06
9.87411e-39
2.27655e-13
-1.92843e-34
2.39958e-41
2.41244e-07
-2.34675e+21
1.92671e+11
-2.72268e+16
3.84803e+25
-1.05424e-25
-1.07184e+18
1.15296e+18
6.34193e+10
2.93263e-30
1.52742e-43
1.29301e+33
1.2627e-38
-1.99966e+22
6.14313e-39
-0.00113976
3.8185e+33
2.35155e+08
-14.9542
-4.3948e+37
1.92593e-37
9.86385e+27
-1.92946e-40
7.43899e+28
7.69699e+29
4.02635e-41
2.66284e+36
-1.22779e-32
-5.50187e-33
114.27
-58368
-2.65878e-18
1.13435e-08
2.31776e+23
3.64152e+24
-1.72086e-36
-1.65764e+38
4.52134e-37
-4.69818e-20
3.99248e+06
1.06e-38
4.95912e-39
1.70834e+38
-2.03655e+22
-2.05131e+22
9.44481e+21
688.717    <-15
112.281
841.997
2.52743
7.38374e-28
-4.25794e+35
1.43883e-24
2.38233e+10
1.47222e+34
8.17265e+33
1.90738e-06
1.17076e-38
-1.54077e-33
-2.9908e+09
7.39748e-15
5.0438e-14
-5.16622e+19
3.24985e+11
4.25006e+14
1.5828e+29
-6.43455e-30
-2.80952e+20
1.1806e+21
-2.03253e-25
-3.60364e-12
1.73761e-43
8.04809e+34
1.47574e+20
-4.23057e+13
1.07727e-14
-3.69422e-27
6.2684e-07
-1.86743e-11
-11.2667
2.53921e-38
1.86663e-37
-3.5587e-27
-9.28781e-42
-7.19239e-39
-1.05431e-37
4.63157e-41
2.60043e+33
3.90318e-39
514.141
107.405
-1.70488e+38
2.10603e+11
-1.61898e+37
2.78992e-12
-1.55343e+34
4.86713e+37
-6.09782e+29
0.593375
9.88196e-36
-8.90856e+37
1.23097e-38
4.95912e-39
1.70793e+38
-3.70953e+24
5.04548e-29
4.59942e+14
643.713    <-16
112.462
843.374
1.42777
7.95179e-28
-1.47057e+33
1.51499e-24
2.05618e+11
-2.45112e-32
-2.4512e-32
5.28791e-29
1.25874e-38
-8.72533e-40
-3.52621e-28
-1.13013e-28
8.00118e-21
-1.97565e+20
5.08419e+11
3.59776e-07
1.06197e+37
6.46187e+29
-7.67396e+25
0.000244141
2.35135e+37
-1.49471e+36
-2.71822e-35
-1.12054e-38
1.21678e-38
1.20306e-38
3.6736e-39
53.5
-2.56038e+30
5.00545e-38
-10.0792
-7.51855e+37
1.91124e-37
3.88769e+37
-9.29341e-42    <-17
-7.07422e-29
-2.00142e-27
5.24338e-41
4.26054e+37
1.41555e-14
-2.41737e-35
32.1309
-1.29603e-11
1.11467e-11
12.1797
1.5859e-25
1.04875e-17
-4.30433e-37
-1.51883e+26
2.8267e-38
-2.55793e+20
3.12169e+08
1.37156e-38
4.95912e-39
1.70803e+38
1.25817e-38
1.25817e-38
9.44481e+21
598.487
-3.98144e+34
844.67
36.1885
7.76189e-28
-9.08703e+35
2.37289e-23
1.99509e+18
-1.77831e-24
-3.53102e-24
1.90735e-06
1.1709e-38
-2.20077e-32
-2.20078e-32
2.39958e-41
1.31802e-27
-9.11298e+17
8.22507e+11
-2.14218e-14
1.58922e+32
6.74772e-24
-1.87364e+22
-1.153e+18
7.35509e-05
-4.66902e-06
2.17201e-43
3.38954e+38
1.20749e-38
513.051
1.18468e-38
0
0
0
0
0
5.76461e+17
-1.527e-22
576.063    <-18
109.541
845.312
189.753
7.69849e-28
-6.80242e+35
-2.19067e-32
114.271
-1.22616e-20
-2.43124e-20
12.1797
1.5859e-25
2.70451e-43
0
7.35509e-05
5.745e-31
-9.92795e+14
9.98433e+11
-1.61695e+09
3.93685e+31
-2.52477e+27
-4.68417e+21
-2.05154e+22
-2.59486e-25
1.64622e-26
2.2701e-43
0
0
0
-3.9573e-23
4.50821e+30
1.47168e-09
9.39852e+36
-5.07084
-4.42698e+33
1.9994e-37
3.97073e+37
-2.55268e-32
-2.21461e-17
-6.37142e-16
5.92847e-41
0
-9.86076e-32
5.02225e-41
0.863281
1.00744e+35
2.60569e+38
1.13399e-08
-3.60595e-38
201635
-1.76291e-33
-1.55212e+29
1.3061e-35
-1.01194e+36
3.96574e+23
1.54695e-38
0
0
1.28572e-38
1.28572e-38
-1.527e-22
531.636    <-19
102.67
846.586
3868.02
7.76107e-28
-4.46563e+35
6.17735e-39
114.272
-5.77901e-13
-1.14876e-12
0
0
-9.90289e-32
-9.90289e-32
7.35503e-05
1.22694e-37
-359154
1.59519e+12
-1.9493e+33
2.4768e+33
-4.21795e-25
-5.78317e+22
-2.05157e+22
9.30638e+10
-2.35907e+10
2.43826e-43
0
1.2857e-38
1.28572e-38
-3.94983e-23
-1.33049e+09
-3.81846e-32
-4.6192e+08
-2.22292
-1.51544e+31
2.04348e-37
-5.82542e-33
-2.59105e-32
-9.84155e-10
-2.82532e-08
6.3853e-41
0
-9.86076e-32
-9.90289e-32
0.502136
4.02977e+35
5.38689e+13
-1.61785e+37
-3.62161e+21
3.26002e+06
-1.12847e-31
-9.92008e+30
5.18738e-35
-2.90413e-06
1.22438e-18
1.66386e-38
0
0
1.28572e-38
1.28572e-38
-1.527e-22
487.723    <-20
91.9061
847.844
63167.7
8.04458e-28
-2.77801e+35
-5.62111e-33
114.272
-2.65496e-05
-5.26247e-05
0
0
-9.90289e-32
-9.90289e-32
7.35503e-05
-1.76605e+28
-3.44097e-09
2.3656e+12
-1.15987e+26
-9.33268e-32
6.1383e-36
-2.16367e+31
-8.69723e+34
-7.0622e+24
-7.26072e-32
2.62043e-43
8.47591e+37
3.47882e-28
1.29475e-38
-2.46857e-37
-1.55997e-08
1.23489e+35
2.04162e-21
-4.28959
-2.34532e+33
2.04349e-37
-9.26211e-22
nan
-0.6146
-14.2344
6.90322e-41
3.9845e+22
7.18767e+16
-2.16328e+17
-3.55352e+16
-4.14095e-25
1.51559e+28
-3.34401e+12
1.51902e+28
-9.97616e+32
-1.13094e-31
2.42189e-32
-2.04885e+38
6.5612e+25
-3.57465e-10
-7.64944e+27
-7.42645e+23
3.35627e+38
-3.18081e+36
-5.28904e+36
1.16783e-05
441.51    <-21
79.8208
849.081
1254.02
1.49545e-27
-1.83818e+36
3.85693e-23
1.717e+17
-2.07081e+06
-7.79211e+06
1.61192e-22
-3.39663e-21
2.71234e-24
5.51474e+12
2.58894e-20
-6.55146e+13
-5.30708e-23
3.75207e+12
4.66025e+26
5.99288e-33
8.55477e+06
1.81231e+10
-1.15291e+18
9.37372e-11
1.31885e-27
-2.64904e-32
-2.22691e-38
1.17843e+11
-2.16828e-19
-8.41089e+31
-1.01776e+19
-1.63523e-31
6.72387e+28
-5.60209
-4.91346e+35
4.96186e-38
-3.07651e-28
nan
-4.56054e+11
-6.75725e+13
5.70157e-33
2.84925e+17
3.26967e-24
5.51474e+12
-7.13297e-15
5.49798e+11
-1.37772e+16
-2.63703e-18
-5.76962e-37
-2.62076e-18
-1.73e-36
-518472
3.19336e-23
-4.22606e-17
-1.61409e-06
-nan
1.20082e+37
1.04164e+34
2.2798e-38
1.86663e-37
2.38637e+30
388.726    <-22
73.4276
849.469
3.21468
2.22142e-27
-1.40889e+38
4.93778e-23
114.272
-1.71914e+18
-5.04053e+19
5.48411e-29
4.54496e-39
5.51467e+12
4.86817e+37
2.73744e-14
-0.00456941
-1.16619e-27
2.51506e+12
3.16607e-19
7.48292e-09
-4.60991e-07
6.4282e+29
-2.05226e+22
3.4076e-34
1.5637e-18
-2.65778e-32
4.90843e-35
1.23004e-32
-2.10243e+37
-1.47057e+33
-5.2652e+14
-713787
-1.8663e-31
-3.17733e-05
6.98882e-38
-1.25812e+30
7.89919e-35
-7.27536e-33
-2.42279e+24
-5.87321e+26
6.1611e-33
5.25595e+36
3.29649e+38
nan
-1.02943e-28
5.56419e-08
8.20743e+08
-3.85393e+30
-3.98191e+33
8.9214e+20
1.95693e+38
-2.08912e+06
1.99636e-24
3.76977e+27
-1.47752e+29
-nan
1.20082e+37
1.03847e+34
1.3004e-32
1.8664e-37
3.88347e+28
335.223    <-23
73.4183
7.94278e+17
17.0868
2.37301e-27
-1.77979e+38
5.16978e-23
114.272
-1.15328e+32
-1.23291e+34
5.48412e-29
4.25056e-41
-4.16777e-34
4.60337e+37
1.75196e-12
-6.02505e-19
-1.30981e-27
1.80524e+10
21.8825
0.506947
-6.3809e-12
2.55153e+36
-2.05336e+22
-0.00764325
6.72239e-21
112.463
7.60798e-39
-3.39592e+38
1.89737e-21
-1.47057e+33
-3.17344e+24
-243.264
4.14431e-25
-1.62876e-11
2.50257e-38
-2.92903e+17
-9.50294e+22
-2.77533e-32
1.18708e-38
1.53993e-36
-1.97168e+20
5.08419e+11
1.9134e+30
1.65121e-24
-1.487e-28
59.7451
-3.44069e+15
-48.6433
-8.23354e+08
5.15823e+10
-1.08199e-37
-1.03614e-22
1.16241e-34
-6.14973e-28
6.80807e-27
4.91094e-13
-1.85944e+27
-11.2703
2.53921e-38
1.87337e-37
3.88347e+28
284.976    <-24
73.3556
815.851
2.10427
2.5496e-27
-3.26682e+32
5.50491e-23
114.271
3.71396e-31
4.14277e-29
-9.88152e+32
4.35926e-14
2.71236e-24
5.51474e+12
4.09654e-18
-6.13614e-34
-1.04192e-27
3.54171e+06
2.42378e+16
3.35116e+07
-3.79051e-16
-4.52793e-35
-2.05209e+22
7.12965e-30
-1.12531e+25
112.584
-6.34729e-34
7.87271e-28
3.42203
-3.95497e-23
2.66399e-20
7.54976e-20
-0.000638046
-1.93647e-12
-1.85099e+38
-1.84472e+16
4.65413e+29
-3.14126e-32
5.10579e-27
2.04312e-24
-5.33497e+19
6.4534e+11
-4.79605e-35
1.02841e+34
2088.19
-5.37692e-20
4.5511e-08
0.0475017
-2.1581e+14
5.98257e+28
-1.73128e-36
-2.0827e+09
3.27186e-20
6.14313e-39
1.59028e+08
-1.2844e-22
4.01408e-13
6.46348e+11
1.3004e-32
-4.39483e+37
2.29645e-40
235.663    <-25
72.2061
789.783
2.16669
2.56223e-27
-6.68111e+36
5.5437e-23
114.27
1.58893e-21
4.54443e-19
5.48412e-29
8.76939e-39
-2.36028e-38
4.86713e+37
-6.09782e+29
2.2333e+19
-2.98829e-29
344.299
-21.1417
2.15307e+09
0.0259409
-5.33891e-33
-2.03768e+22
-1.31207e-25
-3.37751e+33
-2.65772e-32
5.90059e-05
1.23004e-32
1.01613
-3.67377e-39
-1.52739e+22
7.23015e-34
-0.00547058
-1.00105e-15
1.04004e-38
-1.09115e+09
1.78155e-38
-2.83311e-32
1.61272e-14
2.51758e-12
6.14313e-33
1.28319e+33
8.04807e+34
2.46332e+24
-134644
1.52555e+17
3.77734e+27
-6.16594e+31
-6.97214e-13
-770.916
4.89595e+37
-1.37072e+11
7.99031e-24
-0.000743457
2.31462e-21
-2.38052e+38
-5.41534e+14
1.03847e+34
-nan
7.43713e-37
1.9184e-34
190.123    <-26
72.0628
757.019
13.5392
2.72636e-27
-2.11033e+38
5.95841e-23
114.272
2.51842e-07
0.000188082
-9.88153e+32
4.40666e-41
2.54472e+38
5.21921e+37
1.75196e-12
1.73863e-07
-3.3006e-29
0.00140489
-1.74835e-14
3.64084e+16
1.74036e-38
-1.66312e-27
-2.05359e+22
-0.000178435
3.8551e+33
112.499
1.12814e-38
0.943237
1.06444
-1.47057e+33
5.26089e-22
1.09835e-16
-1.30437e+38
-4.34821e-23
2.98017e-38
-3.87656e-06
-1.92679e+33
-3.25682e-32
13.0788
805.015
-1.47154e+20
1.40167e+35
3.29649e+38
-1.04217e-34
-1.0294e-28
-1.62477e+32
2.5826e-21
2.57502e-21
6.80731e-16
-8.50087e+14
-1.08277e-37
-0.498197
3.43275e-14
-1.5014e-31
-9.36507e-36
-2.7105e+38
-5.41534e+14
1.03847e+34
2.87383e+17
1.86693e-37
4.03738e-39
155.485    <-27
72.0569
712.125
11.2236
2.86518e-27
-1.89636e+38
6.36957e-23
114.272
2.47783e+08
1.82875e+11
-9.88153e+32
4.37079e-41
1.84095e+38
1.03179e+38
1.75196e-12
2.95752e-26
-3.13312e-29
9.62559e-11
297138
6.07438e+23
-4.459e-18
-1.71733e-21
-2.05347e+22
-3.08599e-09
1.66379e+28
112.296
1.11896e-38
-3.39592e+38
1.89737e-21
-1.47057e+33
3.94557e+31
3.79282e-22
-2.97706e-36
-5.92302e-30
1.20538e-38
-2.20357e-19
-4.72874e+29
-7.32354e-33
1.54291e+16
9.51842e+17
-1.47211e+20
4.63775e+11
3.30978e+38
0.77147
-1.02942e-28
1.65658e-24
1.01271e+36
-778.251
-4.25347e-17
3.47513e+18
-1.08311e-37
-0.49397
2.0466e-21
-1.731e-13
-1.21588e-17
-6.73067e-37
-5.41534e+14
2.66051e+36
-4.93401e+34
1.87165e-37
4.03738e-39
134.346    <-28
72.0365
658.647
5.92321
3.04186e-27
-1.57507e+37
6.86443e-23
114.272
3.76378e+23
2.66464e+26
-9.88153e+32
3.97864e-39
-9.43322e-37
nan
1.75197e-12
2.88507e-37
-2.90116e-29
5.5665e-19
-17.109
4.06456e+31
-6.2889e-20
-7.70282e-15
-2.05278e+22
-7.7024e+34
-1.43243e-05
112.253
3.06818e-09
1.23011e-32
-7.89219e+35
-1.47287e+33
-1.31283e-09
1.17341e-25
-6.35065e-28
-1.25085e-34
5.90075e-39
-5.01077e-29
1.17355e-33
-2.65979e-32
2.93558e+31
1.8097e+33
-1.47268e+20
4.63775e+11
3.30979e+38
1.65123e-24
-1.487e-28
4.51421e+24
-3.43014e+15
3.85371e+30
6.33638e-25
1.15017e-05
-1.08352e-37
-31.5559
3.1987e-23
4.12701e-20
8.06967e-25
-1.23062e+27
-5.41534e+14
2.66148e+36
-4.93401e+34
1.87165e-37
3.94554e-39
123.941    <-29
72.0411
601.25
6.73483
3.20594e-27
-4.35192e+36
7.35831e-23
114.272
-3.81137e-39
-5.44286e-36
-9.88153e+32
4.07048e-39
-1.62804e-36
nan
-6.40125e+35
-4.58943e+32
-2.85771e-29
1.03489e-27
-3.60619e-15
-9.4135e-38
5.08157e+24
-4.57759e-07
-2.03785e+22
-5.5827e-23
1.21343e+15
112.462
5.0269e-05
1.23011e-32
8.26714e-28
-nan
-3.90392e-18
1.13035e-29
-5.67511e+30
-1.78405e-38
2.50273e-39
-7.64519e-37
-4.8026e+29
-6.79393e-33
-7.43444e-31
-4.6257e-29
-1.36373e+20
4.63775e+11
-1.0874e+17
-3.75437e-37
-134644
0.00206751
-3.86146e+30
1.72806e-13
6.96488e-13
3.97939e-23
-2.77483e-35
-31.0686
2.91021e-35
-1.50791e+28
-3.484e+23
3.56017e+06
1.00985
-10.5836
1.01031
7.32093e-28
1.9184e-34
122.088    <-30
72.0434
542.063
2.17968
3.53414e-27
-9.20548e+37
7.89327e-23
114.271
-2.99033e-23
-1.31615e-20
12.1797
5.3839e-14
2.71236e-24
1.94716e+38
-9.49919e+24
-6.50395e+31
-5.74039e-29
1.17325e-36
-7.54763e+22
-2.54494e-29
5.29863e-26
-10.8057
-2.05128e+22
-4.15754e-24
1.50376e-38
2.31214e-43
8.04806e+34
1.0117
7.32093e-28
-nan
-4.0333e-34
1.17258e-30
1.13305e-33
nan
2.05941e-38
-4.9981e-37
1.41852e-20
-2.4672e-32
-1.96039e-15
-1.80879e-13
6.15422e-41
1.03846e+34
7.18459e+16
1.78942e-07
8.3775e+06
-5.37218e-14
-6.7639e-16
3.50502e+18
-6.33216e-25
-5.03741e+07
-1.91552e+35
-5.90066e-36
2.9106e-35
0.0118953
-9.12653e+10
1.60783e-38
0
1.70798e+38
-2.22649e+37
-7.51855e+37
3.9043e+37
122.525    <-31
72.5082
482.21
3.17966
3.6097e-27
-5.93259e+35
7.90273e-23
114.27
-9.87242e-12
-1.13325e-08
-3.57909e-38
1.16011e-38
2.26322e-36
-1.07559e-37
-1.65878e+38
-2.66283e+32
-3.8186e-29
-2.52808e+25
3.01629e+23
-1.56425e-30
4.6728e+15
-0.136711
-2.05157e+22
7.88714e-14
1.78444e+30
2.53635e-43
8.57352e+37
5.32493e+25
7.73287e-28
-4.31717e-39
-2.40281e-07
2.1325e-29
1.48557e-13
2.71515e+38
1.99513e-38
-3.79322e-37
2.45991e+13
-2.64054e-32
-5.22319e-06
-0.000754212
5.21768e-33
5.25595e+36
-1.85142e-37
2.60637e+33
2.13799e+06
5.37218e-14
9.65407e+29
-0.190018
-3.95525e-26
-2.31771e+26
0.00225062
-1.10731e+37
1.90672e-30
-5.86484e-34
-1.72273e-38
1.77425e-38
2.52435e-29
6.45982e+11
-3.16351e+36
7.77176e-39
9.66122e-40
123.792    <-32
82.2703
425.557
1.45697
2.86686e-27
2.08548e-35
6.41017e-23
114.271
-22.5952
-46789.7
0
4.82948e-14
2.71236e-24
5.51474e+12
2.36496e-13
-3.90715e+34
-0.0535672
-5.90697e+10
2.79488e+14
180.856
-4.12539e-13
6.45336e+11
2.44302e-41
-1.81075e+18
2.93763e+19
2.87266e-43
2.98763e+23
5.1664e-36
5.14911e-36
-2688.3
2.04441e+12
-6.40232e-12
-3.45266e+15
7.98417e+37
12111.7
9.10362e-33
-nan
-2.56347e-32
-2.11612e+09
-1.0888e+11
-1.39979e+20
4.30445e+37
-1.08741e+17
-3.73955e+16
7.37496e-15
-7.64424e-06
-9.20783e+23
1.47295e+25
-0.0478088
-6.16706e+34
0.0089713
-1.77661e+38
2.41319e-39
-0.000844889
-1.27329e-33
-8.59902e+30
5.00545e-38
-10.5951
5.14911e-36
5.14911e-36
3.90486e-39
126.577    <-33
129.747
431.442
0.00465384
1.43516e-27
1.6486e-35
3.72207e-23
4.57397e+16
-2.82975e+15
-5.86778e+18
-5.86442e-34
5.62874e-14
-3.73963e+16
5.51474e+12
2.36533e-13
-1.34322e+38
3.4894e-35
-1.33687e+18
4.60368e+18
-1.07061e+12
-2.94822e-30
1.88743e-15
-32.0665
-9.03725e-26
1.4641e-24
112.474
1.92659e+28
5.1664e-36
-2.1683e-19
-7.90012e-36
65024.2
-2.07902e-14
-14352.8
-3.33043e-39
1.81014e+32
4.98255e+26
1.55921e-25
-2.46716e-32
-4.2014e+22
-2.29404e+24
-1.40029e+20
2.62723e+33
-1.0874e+17
-3.71814e+16
4.87499e-18
5.6368e+14
-2.29227e-36
-8.57623e+14
-5.25896e+10
-1.68958e+12
-9395.85
-1.77485e+38
616.563
2.69179e+29
8.01816e+12
2.19365e-38
2.52435e-29
-10.5917
1.79051e-36
-1.01989e-07
3.90485e-39
130.162    <-34
118.82
474.774
-96.7527
1.36523e-27
1.11514e-35
3.55663e-23
9.32689e+15
-3.06293e+28
-6.33661e+31
1.33917e+13
1.15091e-38
-3.7396e+16
-3.73955e+16
2.36533e-13
4.36402e-37
-2.25729e+13
-5.87565e+28    <-35
3.20745e+29
-2.25179e+20
-3.1097e-11
2.9801e-08
3.22886e-27
0.119786
-1.93918
112.475
-7.58229e-37
2.30779e-36
5.14911e-36
-2688.3
-1.8303e+35
4.2327e+23
-4.83117e-40
-6.58517e-38
1.10451e-08
-7.40746e+24
-4.20404e+37
nan
-5.30549e+35
-3.13989e+37
-1.40078e+20
-3.80661e-37
-1.08741e+17
-3.73955e+16
7.37496e-15
-0.000122308
2.47215e+32
-1.43626e+22
-3.88057e+30
-nan
-587.814
2.45522e-38
-1.28146e+37
6.36139e+19
3.42575e+10
4.7197e-13
4.52004e-36
-2.78712e+24
0
0
0
1.42529e-37
94.6785
-4.73071e+37
2.29129e-19
-1.62503e+32
-3.41397e-13
-9405.76
3.88159e+15
-9.196e+21
-1.14894e+36
-6.42204e+26
4.08642e+22
-3.73963e+16
-3.73163e+16
1.54028
1.46967e-36
-0.0535672
134.037    <-36
73.3748
447.176
-1.7774
1.54615e-27
3.5178e-38
3.99098e-23
5.05529e+17
8.23546e-33
2.8213e-29
5.16644e-36
8.61161e-28
-2.32047e+34
-1.83615e+35
7.39751e-15
6.33151e-35
-1.14112e-27
-3.08566e+15
1.22403e-35
-1.03953e+34
1.4877e-14
153.609
-3.24529e+32
-35.9359
-1.31569e-13
9.85009e-33
6.59666e+35
7.35458e-15
3.95198e-31
-0.190445
4.03073e+22
-3.75409
-18.7825
-2.04631e-37
9.98718e-39
-2.40881e-35
1.10041e+11
8.01807e+12
4.53102e-26
2.02742e-23
-10.7567
2.2798e-38
1.87337e-37
-3.68757e-37
-9.2808e-42
-6.9167e-05
-0.000185997
3113.17
-0.0119506
3.03394e-28
1.74523e-39
-1.00633e+34
1.40328e-10
5.9007e-34
7.44927e+26
2.28734e-12
-1.55343e+34
-1.7212e-36
2.31395e-31
2.00372e-31
-1.11816e-28
137.109    <-37
73.368
395.627
-2.42986
1.6913e-27
-2.21528e+34
-3.44922e+09
-4.19811e-30
7.92517e-20
1.13205e-15
0.975604
7.84066e-28
-1.41372e-25
9.23938e+36
-2.105e-06
6.37636e-33
-1.17829e-27
-0.806126
-1.23609e+24
6.15928e-33
-1.33698e+30
-1.96726e+09
-3.36631e+10
0.00253553
1.87807e+14
7.18456e+16
-9.74254e+32
-1.27643e-29
7.5092e-31
9.60729e+29
-1.6041e+29
3.29997e+38
-1.26655e+07
-3.39813e-37
2.34869e-38
-3.70251e-34
-8.30193e+31
-1.09877e+14
4.82668e-14
4.9376e-11
-10.7617
6.44488e+35
-4.15891e+34
3.67913e+37
122.525
-8.97608e+28
195.046
2.34204e-33
-1.51413e+28
2.129e-14
-7.10943e+26
-3.68757e-37
-3.34595e-17
-5.88761e-34
-1.29096e-34
5.81093e+34
-9.90289e-32
-1.07631e-37
-1.65878e+38
-2.66283e+32
-3.8186e-29
140.771    <-38
-7.54238e+22
343.65
-1.41025
1.65361e-27
-5.51782e+35
-6.7777e+37
4.38781e-27
9.10342e-11
2.84919e-06
5.32493e+25
7.73287e-28
-9.08703e+35
2.37289e-23
1.99509e+18
1.07871e-30
-5.21092e-30
-1.93568e-16
-2.27203e-16
2.43025e-38
-0.271233
8.04492e+06
-2.37641e-11
-3.6285e+33
1.42282e+28
-7.67365e-34
5.9978e+23
6.74711e-24
-1.87364e+22
-1.153e+18
-1.73511e-24
-1.02082e-21
-1.06005e+29
-3.73608e-37
1.03325e-35
-8.43843e-32
-3.32072e+32
-1.41648e-08
2.22164e-06
0.00226147
2.17439e-41
0
5.76461e+17
-1.527e-22
553.787
1.83129e+12
-0.0476222
-3.76293e+27
5.74804e-37
4.41664e+20
-1.61624e+14
-3.68189e-37
1.6739e-31
605.855
184.329
1.5493e-25
2.70451e-43
0
7.35509e-05
5.745e-31
-9.92795e+14
144.406    <-39
67.3538
292.243
-0.990281
1.60315e-27
-3.29137e+35
1.13666e-11
88.5013
0.00400501
125.128
0
0
-3.9573e-23
4.50821e+30
1.47168e-09
1.69281e-28
-6.53814e-37
-7.12342e-32
2.87988e+14
5.70654e-40
8.99043e+31
720944
-6.33132e-27
-197293
4.36606e-14
-1.08993e+17
1.67546e+38
7.12378e-15
19.4026
9.6147e-30
9.50264e+10
-3.54766e+28
1.94734
-1.0066e-36
7.4111e-38
-8.63103e-32
-351.983
2.02982e-39
1426.08
3.16641e+06
1.03848e+34
4.79346e+37
3.90628
-3.32412e-26
8.34751e+32
3.87352e+25
-9.43335e+26
1.64748e-19
-6.16859e-28
-384.152
-1.95443e+38
-32491.3
3.76175e+23
1.69801e-31
8.41028e+08
7.42408e-39
3.77555e-29
1.21524e+37
2.28762e-13
-3.90715e+34
-0.0535672
149.821    <-40
64.0219
240.602
-3.77392
1.76705e-27
-6.69819e+37
-1.70589e-25
-3.37751e+33
7.9403e+08
7.93474e+13
0.974499
-7.78893e+35
-nan
1.15977e-11
1.53692e-25
4.45524e-24
-2.50979e-39
7.35625e+21
2.45708e-13
2.52911e-29
-1.01644e-18
1.09774e+13
3.73862e+25
-0.000814503
3.66873e+09
3.3098e+38
6.15132e-33
-1.02942e-28
1.01548e+31
-3.51429e+18
1.6424e+13
1.4882e-17
4.16263e-21
-4.87686e-31
9.52848e-39
-1.05941e-22
1.82432e-35
-3.05793e-35
5.65667e+16
6.9276e+19
1.04157e+34
4080.66
1.86639e-37
3.88347e+28
335.223
2.54721e-16
-2.34877e-33
-1.50487e+28
1.69389e-16
4.90368e+32
1.75277e-39
-2039.8
-5.80635e-35
1.70819e-28
5.32338e-05
9.53776e-39
-5.76104e-34
4.58704e+37
-6.40123e+35
-4.34402e-15
-1.35147e-27
166.378    <-41
64.0555
190.619
-10.911
1.94378e-27
-1.86959e+38
-1.15256e+36
-5.27681e-05
4.40956e+22
6.55419e+27
1.23004e-32
-1.58216e-22
-1.47057e+33
-4.55014e-22
-4.57024e+13
5.91256e-12
-2.52485e-39
2.87924e-08
1.63144e-17
1.70083e-21
4.39238e-27
3.79755e+19
9.51842e+17
-4.47103e+24
5.02301e+36
3.29651e+38
0.77147
1.57077e-33
3.2028e-33
6.76672e-16
7.09028e-13
2.258e-20
-1.79594e+11
-1.83285e-23
1.66916e-38
-1.19279e-07
2.8738e-34
2.31463e-21
5.3911e+30
7.15727e+33
1.0423e+34
4080.66
1.87055e-37
-6.46633e-36
137.61
-1.75043e-05
-6.48783e+37
7.07589e-10
-5.89697e+25
-7.48334e+27
1.75743e-39
-7.97213
1.03407e-10
4.46251e+22
-1.89979e-31
-10.7616
1.84095e+38
1.03179e+38
3.25085e-33
3.75646e-33
-1.35147e-27
197.487    <-42
64.0662
147.349
-14.9766
2.09527e-27
-2.07032e+38
-0.226558
5.25651e+36
5.24408e+36
-6.79499e-36
1.23004e-32
1.3004e-32
-1.47057e+33
-4.55027e-22
-4.57024e+13
3.65819e+09
-2.92412e-39
8.14688e-33
1.43717e+15
2.86661e-14
1.31687e-21
1.53996e+26
1.25841e+37
3.04763e+20
-3.48163e+32
3.29651e+38
-1.04217e-34
-1.0294e-28
-1.98333e-37
6.78814e-16
-8.57936e+30
1.71803e-20
-49.3149
-1.1051e-15
3.15464e-38
-5.37185e+08
1.78158e-38
8.06966e-25
-7.1975e-33
-9.34467e-30
1.04305e+34
1.3004e-32
1.8664e-37
2.30071e-38
149.072
-6.1978e+26
2.09804e+11
2.3974e-30
-1.37187e+16
1.06285e+14
1.76209e-39
-7.9719
1.23598e+35
2.96799e-36
4.0425e-12
1.38498e-38
-1.04194e-34
4.60337e+37
-3.49354e+35
-4.34402e-15
-1.35147e-27
241.081    <-43
64.0638
115.54
-14.2923
2.25937e-27
-2.0318e+38
-0.236335
5.25651e+36
-8.81433e-27
-1.29441e-21
1.23004e-32
1.3004e-32
-5.45466e-35
-8.63757e-22
-4.57024e+13
2.07447e+37
-3.04358e-39
-9.2287e+16
1.06568e+26
1.93312e-06
1.45403e-24
4.0805e+31
1.25841e+37
4.3283e-15
-0.00491626
3.29652e+38
-1.04217e-34
-1.0294e-28
-1.98333e-37
6.78814e-16
2.60135e-06
5.09113e-19
2.54952e-24
-6.11232e-08
8.32968e-38
-6.04819e+23
1.78157e-38
5.01167e-25
-1.69736e-18
-2.24301e-15
1.04381e+34
3.26509e+26
3.29996e+38
-2.54891e-35
441.508
1.08177e-18
-9.68301e+29
-4.31878e-14
49866.3
-4.45782e+20
1.77931e-39
-2.07574e+06
5.23784e-19
2.18999e-16
3.48878e+08
8.63382e-41
-9.90289e-32
4.94309e+36
2.01665e-34
-4.34664e+17
-6.95564e-20
294.049    <-44
64.0429
97.9673
-7.39744
3.10502e-27
-5.43893e+36
6.01541e+15
7.97116e-25
-4.85106e-12
-7.10419e-07
8.9858e-16
-1.19895e-28
-1.47287e+33
-4.97079e-07
-4.08236e-17
-4.06923e-23
-1.13297e-39
-0.241239
1.92481e+36
-2.23011e+15
-3.92592e-25
-0.124416
-4.60164e+23
1.19709e-21
-5.41498e-09
7.07068e+21
8.61188
-1.4869e-28
3.55195e+07
0.0119601
-1.06468e-05
7.90649e-32
-1.58812e+28
-0.00110825
1.06301e-38
-6.49426e+32
6.92047e-35
-34.7762
-0.00384724
-5.14767
-1.2403
7.1165e+15
3.38898e+38
1.08774e+28
284.976
-6.29675e-29
-1.77953e-10
5.34638e+13
-6.91755e-13
-1.73514e+18
1.80514e-39
-2.93535e-08
8.19437e-35
4.25278e-11
2.64424e+13
-2.82843e+16
-3.20126e+06
nan
1.69854e+38
-5.99696e+31
-2.75995e-29
353.925    <-45
64.038
89.6778
-6.58557
4.443e-27
-6.28207e+35
-3.58696e-25
2.22939e-08
-40136.9
-5.96614e+09
0.943247
6.1925e-28
-3.98193e-37
-8.46949
-4.08235e-17
-9.20196e-05
-1.98675e-39
-3.68375e-09
-1.79864e+24
-2069.48
2.55465e-26
-6.52433e+29
1.8097e+33
-5.13669e+29
-5.00483e-36
3.29653e+38
0.000224617
1.92197e-34
1.97151e-34
0.0119545
-2.65388e-05
2.83393e-24
-6.69847e+36
-5.57064
7.1174e-38
2.35241e-38
-1.9107e+36
2.03007e-39
-9.745e+13
-1.22065e+17
1.04548e+34
7.24996e+10
1.86952e-37
3.88347e+28
348.345
-0.0194875
-1.58839e+34
-4.63725e-05
5.61176e+19
-5.76346e-06
1.82954e-39
-7.58656e-06
1.31369e-19
-1.69699e-16
-1.39451e+32
-7.14354
-1.04194e-34
1.12284e+35
-3.49354e+35
-4.34402e-15
-6.95564e-20
418.151    <-46
64.0684
90.9485
-16.9714
6.46298e-27
-3.15773e+36
1.41463e-22
5.25648e+36
-3.59517e+21
-5.19632e+26
509.481
-2.36197e+21
-1.47057e+33
-8.63757e-22
-4.08233e-17
-4.16946e+15
-1.90927e-39
-0.00128285
-7.31158e+21
2.49955e-32
-1.68519e-33
2.05671e-06
1.25505e+37
-6.40828e-18
7.19958e-06
-1.25627e+38
1.23198e-14
-1.04805e-28
1.12368e-35
-9.20672e+23
-1.04992e+11
1.47653e-34
6.03385e+36
-3828.17
-2.49561e+38
6.16675e-33
-1.19622e+37
-6.25948e+35
-3.39213e+31
-4.13673e+34
-10.8112
2.2798e-38
-1.1847e-38
-5.05081e+29
-1.14901e-39
5.32843e-38
-50154.3
-6.01949e+28
-8.56585e+14
-1.29278e-18
1.84352e-39
3.9472e-28
-1.25944e+34
37585
6.17713e+29
1.84341e-12
-1.55343e+34
1.71198e+38
6.46805e-17
7.13283e-33
9.15819e-41
485.471    <-47
63.9795
99.8993
-0.411656
7.57256e-27
-3.95578e+33
1.5883e-22
1.31885e-27
2.25007e-38
2.10686e-33
1.98984e-43
1.69896e-38
-1.20932e-37
8.39523e+06
2.34181e-38
-9.87368e+35
3.34489e+38
-2.33699e+07
-5.72553e-09
6.55239e-24
-1.90126e-15
475.922
-5560.14
-9.05938e+06
-2.02849e-12
8.06582e+34
-9.58081e-38
5.14686e-29
1.69997e+38
-1.70889e+38
-1.83545e+21
-4.9797e-14
-25.6575
-1914.09
-2.9023e+36
1.54169e-33
-2.63758e+36
-1.0946e+14
3.01935e-28
1.55949e-25
1.70828e+38
8.49339e+31
-nan
3.88347e+28
1.32269e-38
4.25366e+37
-3.79166e+27
6.13703e-28
3.66431e-35
-1.06054e+17
1.84818e-39
-1.02761e+34
-3.22523e+36
601360
-9.82044e+06
-0.000609295
-1.55343e+34
1.06656e+37
1.79325e-27
1.7175e-27
9.15566e-41
553.796    <-48
62.9635
108.299
-0.00396029
8.27833e-27
-1.25678e+36
1.70412e-22
5.89129e-06    <-49
3.09866e-21
2.80534e-15
7.87271e-28
1.04701e-38
6.07603e-39
-3.75462e-33
3.93393e-09
-7.2464e-38
2.62043e-43
0
0
0
0
0
0
0
0
0
0
0
0
0
0
0
0
0
0
0
0
-1.27142e-24
2.77218e+15
8.67606e-39
3.97535e+33
-3908.18
-2.42101e+33
5.46506e-44
-4.18676e+37
5.40385e-38
1.34361e-14
6.93901e-12
1.94144e-34
5.53312e+34
1.70958e-43
4.77114e-41
0
-4.23516e-22
-12548.8
7.24439e-07
2.24687e+20
8.2569e-14
1.43353e-41
2.31049e-38
-5.16152e+37
1.28519e+30
-4.6475e+13
179.692
-1.41025
-0.136231
-2.03681e+22
5.50079e-23
88.5002    <-50
605.368    <-51
60.8489
115.714
-0.000121007
8.32832e-27
-1.21005e+36
1.72774e-22
-7.24654e-38
2.75955e-12
-2.37389e-20
-8.46524e-25
4.79363e-38
-1.33728e-32
-1.37549e-33
-1.8639e-09
2.63362e-22
2.95723e+28
-1.10383e+27
1.27397e-24
6.64336e-18
0.00213606
4.65576e+08
-3151.32
8.85427e+29
2.27049e-30
4.9e+37
-1.1904e-38
-3.31374e-31
-3.32071e+32
-1.41648e-08
-1.18865e+22
6.69873e+36
2.61916e+28
-3524.18
-1.79651e+32
3.9147e-31
3.68668e-18
1960.85
4.39605e-06
0.00965599
-1.61079e-27
-384.152
-4.72145e-35
-1.16077e-34
-113428
1.6442e-37
0.00074822
-1.13156e-08
6.17872e+31
0.0230292
-1.96923e+38
-1.05291e-22
-1.06732e+13
-4.5281e-28
-8.36601e+17
-2.6133e+38
-2.30503
2.83272e-27
1.72853e+20
-7.26003e-07
3.9045e-39
673.691    <-52
57.3828
127.255
-0.905416
8.53211e-27
3.74818e-38
-4.57546e-17
-3.95383e+10
13.8919
4.75233e+07
7.26896e+21
4.85427e-39
7.9463e+06
8.20433e+09
-2.81517e+07
4.78088e-12
2.44905e+23
7.44938e-37
5.75431e-12
4.73604e-13
-1.22426e-22
3.53347e+13
-1.06467e-05
-2.72043e+38
-5.73553e+13
-2158.9
1.42001e-24
7.27372e-36
1.4697e-14
2.4782e-27
-1.08135e+18
1.74732e-38
7.70446e-06
-7.8729e+06
5.153e-32
1.05885e-25
1.96907e-37
5.32837e-38
2.57552e+12
2.35642e+14
2.59094e-16
4.90368e+32
1.74528e-39
-9.11303e-38
1.40328e-10
7.13351e-10
2.78827e-12
-4.03843e+36
2.90649e-06
-2.87851e+16
6.9672e-36
-3.913e-34
-4.90191e-28
-0.0392791
-6.23449e+19
-3.30535e-09
-1.41025
1.4939
1.7181e+20
4.59944e+14
2.54896e-22
740.769    <-53
63.2786
146.069
-1.0511e+11
8.73895e-27
2.14654e-37
1.79513e-22
-1.2414e-18
3.55083e+19
1.24152e+26
-1.54311e-38
-4.05982e+36
7.92986e+06
7.94651e+06
6.42939e-26
0.050772
-5.0432e-35
2.20081e-25
2.89886e-37
2.22799e-12
-5.47764e-07
1.50105e+14
9.50264e+10
-1.24437e-20
2.98024e+32
-3.26857e-29
15728.4
-1.41576e+19
9.60646e-30
-0.0479332
1.87744e+22
-4.29789e-24
1.62415e+06
-12.3289
7.7541e-19
6.90641e-30
1.20315e-38
-6.27565e-29
6.24561e+30
2.33163e+30
1.94815e-34
5.53312e+34
1.74352e-39
-1.13356e-37
1.40325e-10
-7.28365e-12
-1.44197e-37
2.63746e-18
3.94028e-26
1.48897e-21
4.56459e-31
4.34414e+37
155.297
1.66953e-29
-15798.1
1.19097e-38
0
2.66466e+36
-3.20776e+14
1.99368e+13
5.85461e-39
805.923    <-54
84.0237
158.356
-5.42227e+22
7.83342e-27
3.27687e-37
1.63777e-22
-4.60887e-14
7.52676e+37
-2.23289e-33
-8.46524e-25
-0.985775
7.93041e+06
7.94651e+06
1.50144
2.7621e+08
-8.85925e-08
1.50945e-20
-6.6847e+24
8.63071e-27
-6.14013e-33
1.97272
4.85676e+09
-7.79025e+19
-1.6181e-05
-3.73607e-37
-6.77152e-31
6.10261e-36
-1.22098e+21
2.63606
-2.15705e-32
-4.89269e+10
-5.29962e-07
-6.72394e-13
6.36425e-12
-7.27328e+35
-nan
107062
-6.01518e-31
-8.55678e-30
9.88249e-28
-6.80242e+35
5.24209e-23
-2.70913e-38
1.40328e-10
1.77981e-15
1.01943e+36
-3.4267e+15
-7.26838e-07
0.000455787
2.85107e-32
-9.56523e-38
-1.2008e+28
-6.71182e-07
-3.75425e-27
319.122
-1.70714
2.88396e-17
6.35143e+29
1.9937e+13
5.85461e-39
870.274    <-55
105.098
153.399
-1.80864e+30
6.67364e-27
1.69675e-37
1.43931e-22
1.59517e-07
-4.88397e-22
-1.62798e-15
-2.15192e-22
-4.64191e+36
nan
7.94638e+06
1.50144
1.25161e+18
-2.35033e+16
1.00056e-25
-1.02088e-21
3.23928e-38
4.32991e-10
1.82626e-12
7.07866e-13
2.46609e+25
5.15169
-0.00020815
3.93362
616.563
1.43709e-14
-3.06786
5.31695e+36
1.47101e-23
-1.33184e-21
-8.24262e-27
1.89124e-09
-4.11271e+25
-1.2829e+33
-6.4904e+32
-2.34552e-13
-5.88567e-13
3.21927e-27
4.08914e+33
-7.10947e+26
-1.13356e-37
1.40328e-10
-4.45844e-11
5.14841e+07
-1.5442e+31
9.61669e-30
-0.00761909
6.95896e-36
-6.13955e-36
-3.36467e-17
-4.38372e+14
-1.84905e+36
7.81277e-23
-0.013902
-2.35844e-38
-3.20776e+14
1.99368e+13
4.2273e+29
933.61    <-56
117.666
135.598
-2.69028e+36
6.52297e-27
1.07198e-37
1.43091e-22
-7.24653e-38
-0.000216219
-742.887
1.66502e-38
1.56553e-38
1.36826e-26
7.9616e+06
6.42939e-26
4.5919e+27
-2.39531e+27
3.33686e-37
3.81718e-09
5.33174e-37
-3.79663e-25
1.15753e-10
-3150.38
-9.16934e-05
-1.89418e-29
-7.52215e-15
-2.94163e+23
-2.53819e-24
-3.19312e+06
7.84789e-21
-1.90186e-38
-2.45735e+26
-2.11485e-31
3.01697e+36
6.49644e-06
-3.88524e+28
-1.96575e-35
1776.85
-47233.8
-8056.96
4.06478e-28
1.6486e-35
5.45954e-23
-2.70913e-38
1.09272e-24
4.65697e-10
8.24003e+08
-9.60759e-30
-2.8371e-09
0.470233
-1.09142e+22
-1.14134e-19
-6.50454e+08
4.90259e+24
-7.23297e+15
431.162
-1.7774
-3.78736e-37
-4.1163e+33
5.5822e+16
3.83625e-39
989.224    <-57
97.0872
120.728
-1.30085e+23
5.81093e-27
3.49745e-35
1.19544e-22
-7.2465e-38
-3.00356e+12
-3.50971e+18
3.12176e+09
1.98385e-38
6.25432e-39
35.5873
31090
4.90948e+33
-1.49626e-18
-1.60663e+27
1.83424e-16
-1.98638e+23
-5.91547e-33
2.09184e-28
-3147.13
7.36893e+09
4.70558e+11
-1.12712e-31
-1.66431e-21
1.54169e-33
-3.19312e+06
-2.93624e+30
-1.23695e-37
-1.25838e-34
3.78589e-33
3.85452e+06
8.4709e-23
-1.6538e+33
-1.41083e-35
1760.85
-1.74789e+21
-8.84911e+20
1.42578e-27
-2.5572e-37
4.67353e-23
114.272
-4.4e+08
4.17981e+24
-3.53885e+18
6.01683e+28
0.000743451
1.11174e+17
-4.55639e-31
3.6941e+13
3.05749e-29
-3.89457e+13
5.13411e+14
3.5709e-37
-3.1097e-11
7.39902e-27
-2.0518e+22
0.144326
2.63421e+17
952.157    <-58
57.4243
112.432
1.82076e-38
5.46784e-27
-5.41576e+37
1.08177e-22
-7.24651e-38
-2.32011e+28
-1.54431e+35
3.12174e+09
1.60232e-38
nan
114.18
2.10331e-17
4.04084e+25
1.07953e+23
-6.31788e+18
-3.63582e-35
-1.43505e+17
2.95122e-08
9.23277e-36
-3147.82
-1937.58
-2.50836e+33
8.02137e-15
-4.17756e+12
7.26492e-36
1.17451e-38
-4.86326e-38
-4.55263e+37
-1.84393e-25
-2.91888e+32
2.33221
8.07228e-38
1.19457e-38
1.17531e-28
1.28151e+14
-3.9743e+33
-2.11821e+37
2.13335e+14
1.93878e-23
-1.96912e+38
114.248
-4.60442e-26
-2.26638e-06
1.3179e+10
-1.6466e-19
3.85975e+30
-7.22639e-35
-1.08644e-37
4.14036e-22
4.93537e-42
-2.42987e+27
-1.03128e-25
142.004
-1.52743
-635.049
-2.05128e+22
-3.4402e+09
-4.19811e-30
887.494    <-59
57.359
111.302
-1.83786
5.806e-27
-8.92456e+32
1.49172e-39
8.33048e-38
2.21013e-35
3.17151e-26
-2.43914e-07
-1.26962e-38
-3.52621e-28
-1.13013e-28
8.00118e-21
7.26314e+15
3.64238e+22
-1.41805e+19
6.31737e-22
-5.92417e+20
1.09698e-19
6.78926e-31
-1.84353e+21
2.82679e-23
-7.05719e-30
-3444.18
1.22214e+27
-5.51476e-33
-3.32073e+32
-9.12645e+10
-3.42308
2.07714e+38
-1.76607e+28
0.367698
2.64029e-38
4.81503e-38
2.36404e+17
-101430
8.66697e-32
6.62795e-28
-3.36334e+12
-1.76423e-38
-1.05929e+19
-3.68436e-37
4.64308e-34
4.35871e+22
-3.70836e+24
3.94248e+33
-1.50128e-31
-3.33936e-16
-4.34531e-37
3.32813e+10
-2.20315e-12
2.56155e-29
-2.63511e-38
2.25848e-12
-6.2889e-20
-1.50171e-36
-4.37571e+35
3.53531e+15
7.97121e-25
822.711    <-60
55.3955
112.625
-5.53886
5.52856e-27
-9.24902e+33
1.1114e-22
8.33057e-38
1.05437e-27
2.1155e-18
2.16439e-22
1.23521e-38
-3.55535e-27
502808
1.80562e+33
1.38253e+06
2.88617e+15
-5.35192e+20
-8.77036e+20
-2.30085e+15
-2.17298e+09
2.58976e-36
-1.83978e+21
-4.10749e+13
1.02152e+07
-1.00659e-36
-2.96444e-37
-8.63103e-32
-351.983
2.02982e-39
-2.04365e-15
-7.30952e-06
-1.67888e-29
0.125255
6.31106e-37
4.8885e-38
2.33025e+17
888.422
4.04561e-24
3.00904e-20
-6.93341e-13
-1.57166e+06
-4.2376e+19
-4.61636e-10
1.24646e-25
2.46801e+32
5.93149e+25
-1.42751e-37
-1.33926e+13
-4.45633e+20
-2.78049e-35
2.07736e+09
2480.08
-1.70093e+07
0.00953391
171.661
-1.70714
1.6849e-27
-3.34876e+37
4.25511e-23
88.5002
758.702    <-61
49.4796
113.931
-15.2026
5.37731e-27
-5.80101e+33
1.05615e-22
-7.24642e-38
4.7883e-20
9.78371e-11
2.05819e-37
-4.59854e-22
nan
-0.6146
1.60743e-40
0.000329226
3.75374
-4.52617e+22
-2.75641e-09
-5.70299e+14
-2.33118e+15
8.31502e-37
-3150.76
1.33938e-25
-1.88335e+14
-1.37658e-35
-1.39749e-14
1.72452e+20
-0.000743457
-8.22317e-36
-2.72005e-15
1.91258e-31
1.9033e+11
0.021028
2.45652e-39
4.89297e-35
1.68733e-22
2024.84
1.73022e-12
1.14188e-08
5.3785e+08
5.19241e+33
888.044
114.273
9.59645e-27
-2.26638e-06
6.64731e-19
1.53237e-28
-3.04557
2.7579e+19
4.91373e+37
5.59824e+14
-2.99882e+27
7.62723e-37
3.08575e+12
6.1362e-39
-6.50399e-41
-2.42302e-35
-3.19309e+06
1.706e-22
5.89129e-06
694.534    <-62
48.059
119.773
-0.342226
5.6801e-27
-1.21665e+38
1.15822e-22
-7.24652e-38
0.00135974
992263
1.66502e-38
2.19919e-38
114.263
-3.57496e-35
3.41535e-13
7.60572e-14
3.20674
-1.46169e+33
3.04318e+09
-2.44028e+21
-37.1241
1.60574e-30
-3149.07
-2.01632e+08
-6.1482e-31
-7.49733e-15
-3.31198e+38
-2.01467e+22
0.144326
-3.06784
-208.001
5.53822e+07
-0.864292
2.27315e-08
3.14429e-36
1.34497e-23
-9.55346e+35
1736.85
59777.8
1.37812e+09
9.73065e-35
5.53312e+34
-7.9447e-34
5.10579e-27
862.129
-1.73699e-18
-2.36086e-33
4.03443e+36
3.75598e-32
-4.19251e+14
-1.08667e-37
7.58377e-06
-1.66518e+11
-3.19909e-30
-213057
0.870366
-6.50399e-41
2.30582e+21
-3.18958e+06
2.95202e+14
3.92606e-39
632.713    <-63
48.0488
140.044
-0.455428
5.9578e-27
-1.99499e+37
1.24886e-22
-7.24652e-38
2.03778e+14
1.47788e+23
1.66502e-38
-1.6581e+35
86.7588
-2.23435e-36
3.41535e-13
5.44421e-23
2.73287
3.07849e-27
-5.56413e+34
-1.01531e+28
-5.46827e+34
6.73417e-24
-3149.57
4.17262e+24
1.26636e-14
8.02145e-15
-2.01336e+34
-1.50657e-11
0.144326
-3.06784
-3.96142e+30
4.59296e-08
-6.4875e-12
7.11707e-14
349.491
3.69696e-12
5.87594e-39
1856.85
1.13268e+22
2.56772e+26
3.97548e+28
1.38328e+34
-1.21314e-35
5.10577e-27
862.066
-4.06177e+31
49.019
-4.31323e-14
-1.54608e+31
7.93304e+36
-1.08699e-37
0.00193304
-1.83139e+23
1.11472e+12
-7.298e-31
8.72857e-16
2.28515e-13
-6.05774e-36
-3.1896e+06
2.90804e+14
3.92606e-39
576.23    <-64
48.041
173.985
-0.570894
6.23548e-27
-9.81141e+36
1.34004e-22
-7.4609e+30
4.70449e+31
-3.12205e-37
-1.51009e-38
1.92367e-38
86.7569
-5.58587e-37
3.41535e-13
3.0201e-31
2.72847
3.80988e-05
-2.07792e+32
-1.71279e+35
-2.06594e+17
1.19066e-16
-0.0131138
4.38512e+15
1.33453e-23
-5.18872e-17
-1.14446e+21
-1.50657e-11
0.144326
-3.06784
-1.16323e-23
5.99819e-06
-1.36436e+32
2.28039e-18
6.24165e-36
0.00396967
1.42517e-37
1.28701e+14
-2.95615e-38
-6.57556e-34
5.52641e+28
1.38328e+34
-1.22255e-35
5.10577e-27
862.082
-3.76649e-37
7.30252e-07
-8.14747e+08
8.58965e+14
-1.02469e+11
-1.08733e-37
0.000482591
-4.47252e+19
4.01977e+28
-2.45044e-13
2.36288e+28
2.28515e-13
2.9495e+21
-3.19266e+06
2.90804e+14
3.92606e-39
526.378    <-65
48.039
218.278
-0.590316
6.61458e-27
-1.14883e+36
4.30737e-39
-7.46076e+30
-1.57426e-28
-1.14849e-19
-1.51009e-38
1.93286e-38
86.7568
-5.58587e-37
1.26659e+07
1.74712e-38
2.48152
3.8541e+23
645140
2.46441e-35
1.06527e-17
7.22457e-09
-0.0131173
-4.09625e-18
1.46056e+21
-5.19194e-17
-15.5104
2.92638e-06
0.144326
-2.19537e-11
-2.00564e+34
2.44862e-20
2.63052e+24
7.08938e-22
5.13536e-37
16325
5.89759e-34
1.35848e+14
-1.36529e-20
-3.23743e-16
4.84909e+28
1.38328e+34
905.262
5.10577e-27
-9.7066
-9.9081e-18
0.191371
-3108.01
-5.50287e+16
3.47655e-10
4.9197e+37
8070.66
-7.32982e+23
-5.73143e+23
1.13443e-18
3.0267e+37
2.28515e-13
-9.45976e-38
-3.1889e+06
1.706e-22
5.89129e-06
483.077    <-66
48.0422
270.116
-0.490429
7.22069e-27
-4.01466e+36
1.53876e-22
-7.4609e+30
-9.71691e-11
-0.0730983
-1.51008e-38
1.86857e-38
86.7588
-5.58587e-37
1.26659e+07
-1.66226e+27
2.71419
-1.7099e-30
-1.14695e+25
4.22888e-28
4.7181e-11
0.0318003
-0.0131154
92553.9
2.82869e-34
-1.76992e-33
-1.70626e+13
-1.50644e-11
0.144326
12.2714
2.75732e-30
1.99188e-13
0.000336187
2.37918e-25
2.06648e-35
2.79341e+11
-1.43897e+28
1968.85
-0.0115055
-246.741
2.06743e-27
1.64701e+34
-3.05636e-36
5.10577e-27
862.051
1.18647e-21
1.1135e-11
-1.50294e+28
9.87586e-27
4.71151e-30
-1.08802e-37
0.00768165
-7.3322e+23
-0.000462982
-3.12535e+31
5.10341e-33
8.55477e+06
-9.46149e-38
-3.1889e+06
1.706e-22
5.89129e-06
446.986    <-67
48.0302
328.175
-0.707338
7.8264e-27
-5.8523e+34
6.51179e-39
-7.46076e+30
-1.00555e+08
-7.20075e+16
-1.5101e-38
2.54302e+10
81.1338
7.97242e+08
-5560.14
-6.96312e+16
2.38435
-1.28484e-12
4.05093e+13
2.78601e-20
866.032
7.80633e+06
-1.83545e+21
431656
1.31206e-33
-5.18815e-17
-5.51039e-14
-2.53819e-24
-3.19312e+06
2.18641e+07
-1.37298e-27
1.69851e-25
1.4919e+27
9.41991e-28
5.87005e-37
4.57674e+15
3.52593e-38
-124983
-1.49187e+16
-3.31716e+20
7.92023e+28
1.38328e+34
7.98546e-23
114.272
-1.43846e-15
-2.65735e-07
-8.41072e+11
-9.57728e-30
6.95377e-13
23.9229
-1.08839e-37
0.00752453
-8.06448e+35
-1.96104e+25
9.863e-17
5.71821e+23
2.28515e-13
-5.61304e-41
-2.05163e+22
-3.45258e+09
-4.19811e-30
416.198    <-68
48.0403
390.203
-0.644795
8.48238e-27
-1.34492e+38
1.75105e-22
8.33062e-38
-1.64307e+26
-1.17437e+35
-1.51009e-38
1.45531e-38
1.71698e+17
-2.35579e-38
9.4103e-38
-7.97962e+07
222.403
-9.80947e+06
0.000559334
2.32916e-14
893.845
4.95425e+12
-3149.88
3.35838e+16
-2.16387e+15
-5.19333e-17
-0.00378671
7.26474e-36
1.4697e-14
2.4782e-27
-1.18977e-24
-7.05643e+21
1.05059e-05
3.00927e-25
-3.61669e-06
4.37333e+21
-8.38149e-27
1896.85
-3.5733e+31
-1.60319e+37
5.41689e+28
1.38328e+34
894.044
107.785
9.59645e-27
-1.79561e+23
1.58148e-25
12437.9
1.69879e-16
-7.37905e-23
4.37287e+22
2.82057e-17
-7.33509e+23
0.474093
-3.73551e+19
1.90204e+38
2.28515e-13
-8.08829e-41
-2.05163e+22
2.00372e+13
4.2273e+29
394.664    <-69
57.0672
455.691
-1.69286e-10
8.51242e-27
4.7171e-38
1.75001e-22
-7.24653e-38
2.21491e-33
2.94116e-25
-1.55229e-38
1.8502e-38
-2.58274e-32
-3.19112e-28
-3.36206e-13
-463.074
1.45215e+30
-9.64255e+26
-8.42351e-27
4.13891e-15
-7.28367e+28
3.1157e+11
-0.0131204
-9.44757e+12
6.36126e+11
-7.522e-15
-5.2763e-20
-3.70251e-34
-3.1791e+06
-0.0479332
-5.81711e+11
-2.68461e+12
-1.0489
1.12454e-12
-1.81174e-28
4.1022e+27
-1.09394e-31
2032.85
1.17151e-28
3.01252e-22
-6.93305e-13
7.96929e+36
-7.45527e+32
114.249
854.278
4.65518e+27
-12528.5
-5.71653e-37
3.77461e-32
2.46843e-37
2.48523e+09
1.70071e-21
-3.28858e-20
-2.05118e-14
2.62164e+06
0.000165467
1.70834e+38
-1.26735e-38
-1.20501e+34
4.19689e-23
5.85458e-39
386.858    <-70
70.1659
523.4
-3.12602e-16
8.00456e-27
4.63206e-39
1.668e-22
-7.2465e-38
4.02805e-15
5.3334e-07
1.66502e-38
5.16126e+36
6.75744e+32
7.49756e-07
1.50209
-8.7312
-6.15413e-28
1.13462e-34
3.7205e+33
2.2459e-22
7.61338e-28
5761.38
-3136.07
2.16799e-24
-1.44088e-25
-3.11783e-37
-7.60008e+22
-1.93842e-34
-9.82307e+30
-2.73598
-3.48981e+06
-1.48699e-26
1.2306e+12
0.00087458
-1.7827e-36
1.57726e+31
-7.56974e-06
5.88537e+37
8.43296e-13
6.50283e-06
-6.93681e-13
-1.57166e+06
-1.21313e-35
32.1338
2.07365e-10
-2.64869e-23
-4.24471e-17
-5.71909e-37
2.10519e+11
2.27283e+22
0.144606
-2.30975e+18
-2.8634e+21
-1.0886e+09
-9.14068e+29
4.98037e-39
3.84528e-13
-1.5692e+06
-1.42047e-33
7.20072e+13
4.93625e-39
386.593    <-71
79.9975
591.154
6.20419e+19
7.09525e-27
1.78563e-38
1.47307e-22
1.99502e+18
0.219936
1.74664e+07
-1.09212e+15
9.11949e-28
8.26547e-40
8.26532e-40
31078.5
-227.005
-4.46061e-18
1.45959e-24
-3.32023e+12
5.55412e-35
1.09784e+27
1.13795e-10
-1.14511e+18
-1.42962e-34
2.1615e+11
1.70373e+34
-3.44209e-21
1.85977e-33
-9.82307e+30
-672.145
-1.02565e+22
1626.12
-6.23644e-06
125.133
-3.14152e-21
8.9389e+12
-2.49906e+38
1.1372e+38
2677.87
2.2052e+10
4.8388e+28
-3.13164e-38
5.33542e-23
-1.00601e+34
1.40328e-10
-0.000122308
-6.22604e-39
2.52663e+35
-3.86782e-29
-2.85476e-24
1.83658e-39
0.000498105
-3.3645e-17
6.54831e+22
-6.72403e+31
1.54596e+13
-2.42986
-3.77874e-37
-1.64652e+34
4.19689e-23
5.85458e-39
419.203    <-72
82.4014
648.526
2.30004e+17
6.37865e-27
1.76488e-37
1.36466e-22
1.99505e+18
6.39868e+16
3.6338e+24
2.16439e-22
1.30868e-38
6.25432e-39
7.9616e+06
1.50144
-1.07068e+15
-1.93637e-17
5.77461e-17
-204.767
-1.18749e+35
3.15425e+21
1.60751e-18
-1.14587e+18
-3.0366e-15
-2.70958e-36
-7.67416e-07
-5.06843e-29
1.85996e-33
-9.82307e+30
-2.73598
1.93774e-38
-4.10005e-18
394.521
9.08741e+10
-0.0963647
1.67473e-21
-3.4497e+21
3.7236e+37
5.3843e+20
7.32759e+27
5.38817e+08
-1.17552e-38
5.54221e-23
-1.00632e+34
7.62128e-15
512.996
-3.68459e-35
1.30607e+10
1.78401e-10
-218.173
-3.07293e+36
0.000495882
2481.49
-2.8537e+14
-7.45924e+28
253.951
-2.42986
-3.78012e-37
2.44291e-33
2.6477e-23
5.85458e-39
480.405    <-73
77.0909
670.634
1.76879e+16
6.12879e-27
-nan
1.24882e-22
-7.25463e-38
1.02806e+34
-7.40486e-36
2.16441e-22
-4.2467e+32
1.96621e-36
7.93842e+06
0.0469199
-1.78225e+34
-2.13897e-26
4.57298e-15
3.60859e+06
-1.2767e+32
6.51147e-27
2.48025e-23
-4060.76
2.01824e-22
2.92466e+17
3.37625e+38
-3.38146e-21
1.25817e-38
6.06133e-39
2.3697
0.236328
-8.06657e+15
-1.25604e-20
1.18369e+17
-783775
2.28742e-38
-9.11021e+30
4.62259e+37
4.5507e+33
-8.9373e-36
-6.49836e+37
1.27335e+38
-1.10595e-34
114.27
-4.01102e+15
128.085
-2.54444e+35
1.57142e-25
-2.47582e-27
7.68945e-13
-1.20046e+34
6.13645e-36
7.86577e+32
-7.16885e-25
-2.20475e+37
2.42548e-22
1.70803e+38
-2.35963e-38
0.257851
7.2206e+13
5.85461e-39
545.397    <-74
64.3685
669.654
7.15867e+12
6.33137e-27
3.26913e-38
1.34785e-22
1.99504e+18
-9.2646e-32
-9.9036e-24
1.17083e-38
-2.31781e+37
-1.77337e-38
-4.42649e-38
1.50208
1.74531e-31
1.24597e+30
2.06401e-15
1.69134e-28
-1.40811e+38
5.90213e+23
7.05013e-15
-1.14738e+18
4.20543e-06
-5.97602e-29
-1.0066e-36
-3.33766e-22
7.25904e-36
-4.04776e+36
-3.06345
3.57013e+24
-9.76099e+11
-4.54234e-30
4.19646e+12
-1.99945e+15
-6.23882e+32
5.5071e-43
844.425
-1.18901e-26
-2.20868e-20
-8.97588e-13
-1.57166e+06
7.41107e-38
6.29074e-39
-4.01991e+15
6.02436e-36
1.44057e-37
5.34121e+13
-1.54733e-28
-204.704
-7.50605e+32
9.57297e-38
-5.15738e+37
-1038.16
2.87538e-13
7.83793e-11
1.37248e+38
5.93394e+20
-1.13907e+14
1.27359e-29
4.0179e-39
609.575    <-75
48.0235
659.042
1.5345e+06
7.21445e-27
1.26308e-37
1.52201e-22
6.37636e-33
-4.34402e-14
1.97151e-38
-3.79322e-37
-1.29277
-3.67982e-40
-1.03775e-38
-7.50111e-34
7.60074e-22
5.00843e-08
1.48012e-17
1.15325e-14
5.98117e-27
-2.58656e-14
0.494125
-7.69879e-39
-1.27108e-06
-1.14229e-27
2.71042e-38
3.19907e+35
2.45618e-39
-3.19312e+06
-0.0479332
4.67013e+27
-5.63363e-22
2.67862e-10
8.232e+08
-7.74113e+31
-2.38081e+24
9.55478e-35
-4.13064e+35
-8.77316e-09
-0.0153637
4.2851e-27
1.22968e+33
3.37626e+38
7.94638e+06
854.278
1.24422e-23
-2.85425e-09
1.46695e+25
9.26189e+23
-1.68049e-16
-1.96876e+38
-4.11936e+31
-4.89969e-28
-8.31768e-24
-nan
397.826
-14.6602
4.97884e-27
-2.06586e+22
-1.13141e+38
4.38781e-27
674.569    <-76
41.3591
638.535
1.60382
7.97705e-27
-8.10582e+37
1.66298e-22
3.84799e-19
-48321
-8.63167e+08
-3.79325e-37
1.4211e-39
1.36822e-26
-9.15474e-40
6.42939e-26
6.26435e-12
2.26722e-16
1.90389e-20
-4.32582e-17
1.72999e-18
-1.02068e-19
3.52932e+07
2.50728e+27
-2.6286e+07
-4.73685e+17
-2.97626e-06
8.29294e-38
3.02069e-36
-1.42048e-33
-3.70794e-20
1.49078e-18
-7.48653e-22
-2.07076e+37
5000.51
-3.95869e+37
-1.62359e+32
1.02848e-36
-2.67302e-39
-1.06703e+10
-1.88972e+15
3.68215e-27
7.86996e+34
3.36295e+38
-7.40674e-36
1.43242e-10
-2.05609e+08
-5.52278e+16
2.58065e+38
6.06947e+28
-8.49996e+14
1.84926e-39
-9.27078e+21
7.69031e+29
-7.47116e-09
3.34951e+25
458.022
-1.18369
-0.422146
3.54996e-21
3.37642e-21
598.487
742.935    <-77
41.3872
628.001
4.22703
8.17875e-27
1.55177e-38
1.68832e-22
8.99059e-41
-5.45646e+22
-1.44013e+27
1.18008e-33
-0.845744
-3.67982e-40
-4.52358e+10
3.50379e-18
0.111355
2.11844e-07
1.03199e-21
-1.02228e+36
1.71323e-33
-1.47609e+23
5.68189e-08
2.29607e-38
-5.55106e-33
-8.41813e+15
-8.16474e-38
3.62811e+35
-8.8425e-35
2.46528e-32
-9.23424e-36
-4.73857e-06
-7.35305e+33
3.5353
2660.26
2.38913e-29
-1.88322e+35
2.31663e-34
-1.77974e+35
-4.00396e+27
-1.07979e+33
-3.53047e+18
3.0406e+31
5.3921e-23
114.27
1.09272e-24
1.69407e-21
1.55502e+31
-5.73831e+22
6.51684e+37
-7.15931e-13
4.66871e-28
2.47232e-29
1.13968e-37
-1.11026e-16
-2.90492e-08
101.695
7.01173e-29
3.09338e-33
-3.20778e+14
1.99368e+13
3.67526e-39
804.599    <-78
66.3311
622.239
808022
5.95917e-27
-1.90787e+35
1.25461e-22
3.00733e-41
1.59775e-38
9.20927e-34
-8.4652e-25
5.03851e-26
-8.26547e-40
1.48123e+08
-1.80879e-13
1.05401e+08
-2.41521e-27
1.44412e-22
-5.99437e+25
-1.0658e+22
6.72397e-18
2.45776e-29
1.82753e-38
-5.57574e+11
-0.135796
-7.67411e-07
-8.1726e-28
9.2336e-36
0.255542
12.2714
5.17951e+19
-4.27754e-17
-8.39663e-15
381473
1.1303e-28
-4.62938e+31
1.41432e-34
1856.84
1.36621e-33
5.14521e-28
5.37245e+08
-1.88083e-37
-3.1504e-36
114.271
870.657
-3.64513e-08
-4.68082e-05
1.50631e+28
-2.30516e-36
3.9414e-29
4.66439e-28
8146.62
-2.8591e+21
-3.81646e+22
2.08064e-15
5.47632e-16
2.28515e-13
2.30583e+21
0.0118953
4.78489e+15
9.44156e-22
861.411    <-79
94.7951
611.695
80540
5.15129e-27
-6.14483e+37
1.02985e-22
3.07185e-32
1.51599e-21
9.026e-17
1.66502e-38
2.34624e-38
114.267
-2.28797e-33
3.41535e-13
2.62063e+16
-9.56602e+06
1.16803e-24
-2.23906e+11
-36597.3
-0.00696016
-4.19426e+31
-7.91799e+28
-2.711e+12
-2.6103
2.69998e-38
-3.27585e+38
3.26261e-33
2.00372e+13
-3.06308
4.59183e-39
7.26041e-16
0.0162672
8.81611e+11
1.01246e-30
-2.63149e+18
7.62194e-39
nan
7.7681e-17
2.78722e-11
1.61808e-27
1.22968e+33
-5.04067e-35
8.26532e-40
550.11
3.35982e+07
-3.8729e-29
-7.26035e-07
200786
-1.77515e-13
4.6618e-28
5.34797e+08
-1.06459e+13
-3.32427e-29
-1.90691e+11
5.28169e-39
-6.50399e-41
-9.40388e-35
2.33564e-33
3.25085e-33
3.92606e-39
912.622    <-80
120.4
586.088
85170.7
4.64598e-27
-1.87183e+38
9.55334e-23
1.30094e-08
5.63137e-05
3.36302
1.66502e-38
2.3462e-38
114.267
-5.71993e-34
3.41533e-13
6.07377e+23
-3.69767e+36
4.00488e-29
-1.73871e-28
-1.29273e-07
1.25768e-30
-5.91791e+20
2.32678e-10
0.000176613
4.21647e-17
-7.49407e-15
-3.31198e+38
-2.01473e+22
0.144326
-3.06784
-5.20119e-12
2.13256e+29
-1.55486e+13
1.7313e+19
4.21971e-33
-2337.23
2.50376e-36
nan
1.92401
758880
9.65255e-35
5.53312e+34
-8.06507e-34
5.10579e-27
862.129
1.06017e-22
-1.62477e-22
3.66816e-35
2.54479e+35
-2.58188e-24
4.65983e-28
2.19106e+12
-4.25664e+13
-7.74169e-07
-1.66104e+34
7.77456e-39
-6.50399e-41
-9.40388e-35
-3.19312e+06
2.996e+14
3.92606e-39
953.737    <-81
140.951
545.113
103115
4.29215e-27
-1.93699e+38
8.9748e-23
5.64707e+15
1.05786e+12
6.34272e+16
-1.54309e-38
2.34615e-38
114.265
-5.71993e-34
3.41535e-13
3.1566e+29
1.1645e-28
8.62965e-36
-0.0141988
-1.8694e-15
2.80946e-28
-1.39814e+14
-1.1522e+18
7.53666e-13
1.78842e-25
-7.49409e-15
-3.31198e+38
-2.01473e+22
0.144326
-3.06784
8.31508e+12
-1.97865
-3.11142e+37
4.45527e+26
1.93985e-35
-2.07588e-12
7.53018e-39
nan
2.97472e+16
1.1096e+22
9.66044e-35
5.53312e+34
-8.06507e-34
5.10579e-27
862.129
-5.63684e+14
-1.78673e-10
4.43591e-11
-2.0551e+08
-5.89401e+22
4.65872e-28
5.47756e+11
-1.70231e+14
-4.07502e-38
-926.147
1.02355e-38
2.2854e-13
-2.42618e-35
-3.19312e+06
2.996e+14
3.92606e-39
981.163    <-82
154.666
492.484
95971.8
4.11509e-27
-1.92235e+38
8.68561e-23
1.99509e+18
1.40357e+28
8.13543e+32
-1.54309e-38
2.34615e-38
114.267
-5.71993e-34
3.41535e-13
1.16539e+33
1.4895e-21
-4.2025e+28
-244.962
-7.10772e-18
6.03757e-29
-1.37787e+11
-1.15222e+18
-2.75374e+20
-6.50408e+07
-7.49411e-15
-3.31198e+38
-2.01473e+22
0.144326
-3.06784
0.921878
-1.14741e-26
-1.081e-16
1.13797e+34
1.41265e-37
-1.84375e-27
7.53017e-39
nan
3.38125e+32
1.33244e+38
9.66828e-35
5.53312e+34
-8.06507e-34
5.10579e-27
862.129
6.47078e-27
-6.52877e+37
-3.77425e+27
1.06184e-17
2.35825e+23
4.65884e-28
1.36935e+11
-1.70235e+14
5.1657e-08
3.30178e+32
1.26871e-38
2.2854e-13
-2.42618e-35
-3.19312e+06
2.996e+14
3.92606e-39
992.639    <-83
160.405
433.025
98044.4
4.21573e-27
-1.90776e+38
8.85088e-23
1.99509e+18
-1.41743e-33
-8.4624e-29
-1.54309e-38
2.34615e-38
114.267
-5.71993e-34
3.41535e-13
1.48638e+34
2.24393e-19
-2.91862e+10
-16.1637
-4.54229e-13
1.30736e-29
-5.64376e+14
-1.1522e+18
-5.82738e-20
-1.41415e-32
-7.49413e-15
-3.31198e+38
-2.01473e+22
0.144326
-3.06784
2.24079e-38
1.98125e-25
1.28047e-11
-2.63622e-36
-1.45072e+38
-1.43556e-32
6.6263e-28
1680.84
-2.28283e-29
-1.53636e-23
1.39644e-34
5.53312e+34
-3.20195e-33
5.10579e-27
862.129
-2.77918e-17
-0.000187365
-0.0476371
-5.3809e+13
4.34566e-17
-2.98268e-26
5.45935e+11
-4.571e+22
-3.079e-15
5.39791e+12
1.51545e-38
-6.50399e-41
-1.51627e-36
-1.13908e+14
2.99413e+14
3.92606e-39
987.466    <-84
157.723
371.858
271435
4.61934e-27
-1.04066e+38
9.42603e-23
-7.46089e+30
-2.44612e-17
-1.45415e-12
1.66503e-38
2.19919e-38
137.498
2.05365
3.42789e-13
6.07363e+32
5.72115e-22
-1.3373e-08
0.00426498
-0.0077478
-2.1612e+16
-6.77512e+24
-3150.76
-9.65386e-37
5.83594e+09
-7.49416e-15
-1.14908e+21
-4.14775e+10
7.0226e-37
-7.78458
-15680
-6.03072e-22
-9.52399e+31
-2.33286e-30
-3.70975e+37
-1.5043e-20
-4.76839e-05
1800.84
-5.45366e-13
-3.6823e-07
9.68388e-35
5.53312e+34
889.513
108.358
-5.03816e+34
-1.06017e-22
-2.43194e+29
-1.81699e-07
-8.81081e+17
1.70178e-16
-7.11484e-33
8.41335e+06
-1.09032e+16
-3.36904e+35
-1.27076e-15
2.86825e-34
2.28515e-13
-6.06141e-36
-3.95582e+33
1.5883e-22
3.92632e-39
966.769    <-85
152.184
312.979
16.822
5.07386e-27
1.39339e-37
1.01175e-22
-7.24652e-38
-0.0497369
-1494.08
1.17083e-38
2.30025e-38
137.498
2.05365
3.42789e-13
1.24633e+29
1.72905e-24
-5.49651e-26
-4.25718e-12
-8.40173e+06
-1.16896e-18
-3.08792e+33
-3149.76
-1.8333e-32
-7.61212e+24
-5.18408e-17
-5.17498e+36
-7.007e+10
7.0226e-37
-7.78458
-7.56702e-10
1.90537e-34
-590898
-2.14891e-24
-nan
-3.69731e-09
-3.69285e+18
-113206
-3392.12
-1.61592e+10
7.62607e+08
2.07696e+34
-1.93962e-37
5.10579e-27
-9.7066
-1.03981e+34
3.60766e-38
-1.03282e-20
-1.54248e-28
6.93811e-10
4.91204e+37
2.08537e+06
-4.36252e+16
-0.00185193
7.91318e+24
1.98838e-38
2.28515e-13
-2.42515e-35
-3.17853e+06
2.93003e+14
3.88015e-39
931.553    <-86
152.074
260.093
0.21642
5.35152e-27
-5.44094e+37
1.05871e-22
1.99509e+18
-1.06795e+15
-1.85719e+19
1.66503e-38
2.32776e-38
114.267
-3.83177e-34
3.41535e-13
2.09034e+23
1.87647e-24
1.5384e+34
-1.50027e-35
-1.40115e+14
2.89654e-34
1.07422e-37
-1.15234e+18
5.51848e+32
-3.37087e-37
-7.67481e-07
-8.25783e+37
-1.99795e+22
-1.13141e+38
-3.06796
2.58772e+11
2.14575e-31
-1.28156e+37
-1.54e-18
-2.1832e+38
-1040.62
2.28441e-27
1736.84
-1.02326e+20
-1.16009e+27
7.92058e+28
1.38328e+34
-3.07988e-36
5.10577e-27
862.066
3.96658e+28
-1.31786e+10
6.1616e-39
8.39168e+11
9.03257e+23
-1.08633e-37
7.13915e-12
-2.99875e+27
-0.253458
9.86697e+36
nan
2.28515e-13
nan
-3.1889e+06
1.706e-22
5.89129e-06
884.81    <-87
152.022
215.916
1.13782
5.65452e-27
-1.06332e+36
1.15024e-22
-7.24654e-38
-9.9468e+31
-1.77554e+36
-1.51008e-38
-1.78728e+30
-5.86512e-32
4.24173e+08
-1.80879e-13
9.28305e+15
1.73384e-24
4.68601e+08
-9.7399e-37
-9.43065e+21
5.28601e-24
5.89912e-30
-3150.51
-1.83222e-06
-129.664
-5.19324e-17
-8.60999e-16
-1.41596e+19
-3.19229e+06
2.18641e+07
-0.0264352
2.61526e-33
1.95816e-05
-1.29246e-15
-2.75478e+38
-1.06568e+09
-3.98414e+27
1944.85
-1.13406e+37
1.19775e-33
7.42883e+28
1.38328e+34
-7.52333e-37
5.10577e-27
862.051
22949.6
-1.54874e-28
3121.5
-1.27946e+07
48949.7
-1.0867e-37
0.0308065
-3.14536e+33
1.10383e-10
-6.67195e+26
4.46889e-31
2.28515e-13
-1.51329e-36
-3.1896e+06
2.88605e+14
-4.7324e-08
831.849    <-88
152.035
177.891
0.75649
5.98265e-27
-6.64163e+35
1.24912e-22
-7.4609e+30
1.28619e-28
-7.78851e+14
-7.24916e-38
1.80431e-38
86.7568
7.97242e+08
-5560.14
6.39593e+07
1.76131e-24
4.7366e-14
1.46305e+12
-1.5806e+29
7.87706e+21
2.75514e-23
-1.83545e+21
6.29347e+11
1.82477e+20
-3442.01
-994.93
-2.66148e-18
0.144326
-2.19537e-11
-1.68769e+19
3.26907e-34
1.49061e-14
-1.18847e-12
-3.00735e+38
-1.13538e+15
5.96745e-39
1880.85
1.9698e-23
2.18682e-16
7.89653e+28
1.38328e+34
1034.52
5.10577e-27
-9.7066
-1.37502e-34
-5.39504e+13
-6.03786e+28
-2.4625e-27
3.44734e+18
-2.71768e-38
0.490012
-8.05455e+35
-3.36904e+35
-3.97611e-05
5.75125e-22
2.28515e-13
5.93583e+20
-3.18888e+06
1.706e-22
5.89129e-06
774.054    <-89
152.032
145.943
0.838591
6.31082e-27
-1.86779e+36
1.36473e-22
-7.24653e-38
3.05038e-11
5.52099e-07
-1.51009e-38
1.67572e-38
81.1336
7.97242e+08
-5560.14
0.0908055
1.78791e-24
2.67134e-32
7.61707e-17
-1.05933e+37
-1.6726e-06
6.8914e-15
-1.84403e+21
7.3615e+08
5.27075e+16
-5.18251e-17
-1.62638e+07
-1.49525e-11
0.144326
12.2714
-1.61585e+15
5.01091e-30
-6.88468e+22
-8.74639e-09
-7.65121e+37
-7.49906e+22
-1.655e+34
1824.85
6.21399e-06
71.1184
9.64953e-35
5.53312e+34
-5.04066e-35
5.10579e-27
5.23536e-19
2.18999e-16
-3.61944e+21
1.50295e-31
-5.75532e+22
-1.13472e-05
1.96736e+38
8153.24
-1.04137e+10
4.25432e+12
-1.41177e+19
6.88561e-39
2.2854e-13
-2.42618e-35
-3.19312e+06
4.75842e+15
3.92606e-39
711.2    <-90
152.078
123.643
0.192107
6.71426e-27
-6.94321e+37
1.43933e-22
6.58208e+33
1.27318e+07
2.23679e+11
-1.5431e-38
2.34615e-38
114.267
-5.71993e-34
3.41535e-13
1.9321e-11
1.86521e-24
-8.80122e+29
-1.20051e-24
9.54505e-35
-3.36049e+13
1.98099e-09
-0.0131154
-1.08435e-20
-7.69403e-13
-7.69263e-07
-3.30313e+38
-1.11699e-11
0.144326
-3.06784
6.56309e+36
6.77886e-34
2.96655e+33
-0.00279635
-1.60336e+38
-5.2766e+33
7.80482e-36
1888.85
3.10109e+12
3.49265e+19
2.20097e-27
2.06724e+34
-7.69969e-37
5.10577e-27
-9.7066
7.4603e-09
-4.15354e-20
9.43416e+26
-6.44903e-22
-9.01085e-36
-1.08773e-37
0.03057
-7.50573e+26
-5.36718e-23
9.91302e+14
-6.83111e-37
-0.00396029
-8.04797
-2.05163e+22
1.59472e-22
1.31885e-27
644.185    <-91
152.02
115.145
1.20889
7.32052e-27
-6.74623e+28
2.72077e-09
-7.2464e-38
7.94819e+24
1.38298e+29
1.66504e-38
1.50124e-38
-2.58274e-32
6.32067
-3.3685e+10
1.35193e-21
2.37371e-24
-7.54447e+21
-2.25372e-05
1.63054e-27
-5.79902e+20
0.103523
-3.3716e+16
-1.36481e-08
-7.25446e+22
-7.69265e-07
3.30313e+38
-3.70251e-34
0.0119007
-9.12653e+10
-8.42964e-33
7.55221e+37
1.56403e+16
-0.0361966
3.09024e-38
-1.31925e+36
5.75171e-11
-8.98165e+28
2.38721e+30
1.61556e+37
3.2817e-27
-4.82936e+36
-2.41736e-35
34.376
854.267
2.84129e+23
2.54525e+35
-3.86428e+30
1.00746e-23
1.55061e-25
4.92074e+37
4.15747e+37
-5.15886e+37
1038.16
1.805e+19
260.809
-1.66024
1.70399e-27
-5.51782e+35
5.4577e-23
88.5002
576.12    <-92
152.599
110.248
2.93342
7.37091e-27
-2.07669e+35
2.72681e-09
-7.2464e-38
2.86566e+37
-1.41546e-35
-1.85308e+16
1.22993e-35
-0.271233
8.04492e+06
-2.37641e-11
7.8226e-32
2.57415e-24
-1.04234e+16
-2.77867e-37
6.25891e-30
-3.80074e+25
0.000216953
5.71792e-37
-7.08287e+16
-4343.69
-5.19888e-17
-3.03668e-36
-8.45438e-32
-3.32072e+32
-1.41648e-08
-4.56343e-31
1.33786e-35
1.48151e+35
-0.0150916
1.6737e-38
-3.29813e+35
-2.37224e+07
-7.84403e+10
-9.41497e-38
-1.30981e-30
-1.54936e+31
4.63291e-33
-3.71914e-39
107.784
1.15775e-17
1.03524e-25
2.25988e+20
-5.87089e-34
-2.70378e-15
2.37105e-30
1.9683e+38
-3.66643e+19
-2.84468e-29
1.21236e+11
290172
-1.44541e-32
-1.25381e-32
5.63344e+35
-3.89309e-25
2.00399e+13
4.2273e+29
508.338    <-93
152.05
103.525
9.79524
7.62392e-27
-8.40898e+35
1.59671e-22
-4.60887e-14
-3.42427e-26
-3.90725e-21
-1.85308e+16
4.34718e-34
-3.31481e-36
2.57004e+30
1.25841e+37
-4.67431e+32
1.80907e-24
-725300
7.10476e-32
2.6827e-23
-1.72312e-12
7893
-1.23748e-10
-1.67969e-14
4.14276e-27
-7.70577e-07
2.19824e-13
4.99885e-25
-1.01194e+36
-2.13288e+31
138594
5.12573e-35
-8.51103e-35
-1.3367e-05
2.09616e-38
-3.22059e+29
-2.55086e+31
73.0533
-2.21248e-20
-1.15564e-12
3.67733e-27
7.86996e+34
-1.9544e+38
3.16543e+08
854.278
-60.1667
-1.44544e+22
-3.04834
-194.731
-5.54435e+19
4.9223e+37
-3.57991e+19
-3.28854e-20
4.16029e+17
7.80916e-11
-2.84216e-28
5.18961e+30
-7.06439e-37
-2.0533e+22
0.144326
1.96607e-24
440.852    <-94
152.209
89.5998
7.86602
8.17943e-27
-1.08483e+36
1.70454e-22
-55618.6
-2.77468e-09
-0.00272712
-7.24919e-38
1.78654e-34
-2.73683e-32
-3.27068e-28
-3.36206e-13
-2.18055e+12
3.07836e-24
-5.19588e-13
2.02187e-14
1.1353e-16
-6.91194e-09
1.14748e+11
-1.61783e+37
-2.4784e+13
-395454
-3448.17
1.23166e+30
8.37619e-18
-3.19312e+06
7.84789e-21
-1.52606e-31
-227599
-3.41656e-11
-1.58891e-06
1.44737e-36
-4.9146e+27
1.01371e-25
1.16308e-43
-0.0039978
-368132
2.08232e-27
1.61453e+34
5.56027e-23
114.272
1.12858e-28
3.28033e+16
-8.40792e+11
3.84764e-29
-6.75161e-16
-1.42496e-37
4.92373e+37
-0.0297012
3.11312e-41
2.77556e-17
6.87447e+12
-3.08606e-37
5.08157e+24
1.24383e-38
-1.23775e+37
8.47995e+15
7.97121e-25
373.249    <-95
153.518
72.7327
30.4636
8.58359e-27
-2.95188e+34
1.77232e-22
-4.60887e-14
-7.01388e+07
-1.81237e+14
-3.79322e-37
1.77604e+19
-7.48101e-36
32.1338
1.80969e+33
-1.01288e-08
1.6515e-23
-1.27417e-33
2.72992e-34
1.8212e-15
-3.9127e-22
8.39951e+11
-778.252
-9.4353e-08
1.86149e+12
-3.66606e-37
2.45383e-36
1.24046e-38
-2.04969e+22
-1.41445e-08
-32.2729
3.18317e+36
3.6486e-17
-8.0563e-07
1.58146e-37
-1.25804e+27
-1.34867e+33
-1.8642e-09
-8.93028e+09
-1.28253e+17
5.75617e-37
4.41664e+20
-1.07996e-37
-2.59442e-33
862.047
9.05722e-09
0.000186567
3.19652e+06
8.96656e+20
-9.83117e+32
1.2309e+37
1.8436e-40
-1.96057e-27
1.17685e-19
-1.91617e+15
-2.1144e-38
2.27652e-13
5.92322e+20
-1.57906e+34
4.19689e-23
598.487
305.731    <-96
154.643
55.2793
1309.67
8.68609e-27
1.60646e-38
8.07723e-39
8.33048e-38
-2.90377e+20
-8.66214e+27
-1.5101e-38
1.92188e-34
nan
6.12398e-29
2.41396e-26
-4.36662e-29
5.23816e-22
2.22774e+08
-2.60901e+19
8.2488e-12
-3.96188e-22
2.30471e+15
-3151.82
6.17715e-18
-9.06084e-35
-5.19332e-17
-1.24282e-26
-2.62078e+30
-5.15235e+30
-3.70794e-20
-6.98416e+12
7.5707e-35
8.6862e-22
-2.14445e-07
1.33517e-25
-1.23833e+30
2.75911e-40
-8.98168e+28
-3.45865e+26
-2.25444e+34
3.30663e-27
-4.82936e+36
-7.45528e+32
114.249
1.12858e-28
5.12552e+14
3.85544e-29
-1.57622e-25
-2.50994e-24
-8.52553e+08
4.80885e+34
1.07602e-40
-4.90216e-28
0.00210598
7.40494e-06
2.1113e+06
-2.00654e-38
2.57037e+10
4.19681e-23
0.144326
1.96607e-24
237.369    <-97
162.795
41.9011
3.20228e+08
8.89188e-27
1.12002e-38
8.45066e-39
1.16981e-32
3.48792e-39
2.1267e-31
-1.7879e+16
1.84287e-34
nan
6.12398e-29
2.41396e-26
1.91922e+17
2.30713e-16
1.11207e-20
-7.86892e-14
1.48352e-10
-2.62018e-20
3.65961e+16
-7.69879e-39
-5.60863e+11
8.55723e-06
4.89531e+37
1.51959e+29
-1.93351e-34
-9.82307e+30
-3.70794e-20
-1.89421e+30
1.28216e+12
-6.10195
-5.64826e-10
1.09163e-15
-8.05062e+34
1.00149e-31
2024.85
9.36517e-33
6.10888e-25
-3.36335e+12
1.99496e+36
878.882
114.272
9.59645e-27
-1.07027e+16
4.33488e-14
-1.34119e+13
-5.86529e+25
-2.87296e-18
1.20209e+34
9.39735e-38
3.12195e-41
-1.04609e+25
-1.11528e+22
2.17381e+38
-1.29306
1.71041e-27
-2.07311e+34
4.19689e-23
598.487
168.486    <-98
173.763
35.1358
3.1979e+13
8.54106e-27
-nan
1.75375e-22
-1.4711e+12
2.11862e-20
6.15154e-13
-1.85308e+16
-0.990246
7.93041e+06
5.10572e-27
1.50062
6.34307e-25
7.42393e-10
2.98323e-33
-5.13581e-06
6.05816e-16
0.000485369
4.0539e+10
2.80007e-36
1.90265e+23
-2.85313e+06
2.69998e-38
8.33671e+34
-2.53819e-24
-2.47056e+32
-5.12821
7.05664e-31
-4.26188e-20
-6.28864e-32
-1.93634e-12
4.55386e-10
-3.31082e+38
1.87578e-12
1512.85
1.73758e-14
1.40205e-06
1.95945e-34
2.26637e+38
-7.6996e-37
-2.43371e-38
7.35566e-15
-2.46995e-32
-49897.7
-5.1172e+07
49670.4
-2.04741e-07
1.92278e+35
-6.61348e+35
4.47603e+19
519.543
-7.66017e+11
191.11
-1.70714
1.68514e-27
-4.03029e-23
-5.91362e-14
1.95154e-39
99.6652    <-99
182.453
33.3916
4.15525e+18
7.98693e-27
2.5898e-38
1.66296e-22
-7.24644e-38
0.000234789
207.254
-1.85308e+16
1.43969e-17
1.86087e+38
-3.76926e-37
1.50209
-1.06174e-16
2.55957e-05
2.65334e-33
-2.61343e+25
3.8171e-23
-2.62342e-35
2099.81
-3143.63
1.39606e+25
-3.11726
-587.817
-1.00566e-34
-2.14752e-17
2.67919e-30
-9.03097e+30
-1.08133e-31
-5.23003e+17
29217.6
-2.02647e-09
2.13079
1.30322e-23
1.39597e-37
1600.85
3.07042
1.68847e+09
9.03104e+08
-1.88083e-37
1.74219e-39
-4.13852e-22
2.83335e-38
-1.47861e+20
3.41786e+15
-7.10224e-10
-1.39941e+19
-3.83344e+12
1.23016e+37
0.0319034
-2.86371e+21
-0.0633645
51.845
216.576
-1.70714
-2.36035e-38
-1.04062e+34
4.19689e-23
5.85458e-39
35.9697    <-100
185.943
54.8444
1.71295e+19
7.28597e-27
1.19913e-37
1.54687e-22
-9.20196e-05
1.17268e+14
3.90165e+19
-8.46524e-25
-1.77264e+38
6.25417e-39
7.9616e+06
1.50144
-0.268753
0.000513438
-1.44392e-35
-2.81409e-34
2.6785e-30
2.12073e+11
3.05753e-05
-7.82094
3.12313e-09
2.90289e+32
-3.73606e-37
1.141e+36
616.297
-9.82305e+30
-2.73598
-1.09085e-30
-1.1394e+14
3.72142e+25
-0.0347315
1.71899e+21
4.50382e+12
5.61326e-37
-3.55948e+35
2.44494e+18
1.1238e+27
-6.49438e+37
1.07857e+17
3.03985e-23
-1.00601e+34
1.40328e-10
-0.125243
6.25877e+34
-3.5857e-38
-2.76757e-12
-1.15558e-23
-6.96066e-36
0.508413
-1.01711e+07
468.516
-0.000903255
3.27335e+38
-6.50399e-41
1.61217e-27
-1.04062e+34
4.19689e-23
5.85458e-39
2.64814    <-101
184.764
112.473
1.20155e+19
6.83915e-27
1.28158e-37
1.47232e-22
-4.60751e-14
3.84138e+31
2.69967e+37
2.16439e-22
-3.21018e+38
6.25417e-39
7.9616e+06
1.50144
-2.71079e-10
2.83994e-05
3.77819e-38
-1.08085e+17
1.19884e-35
8.13833e+34
2.96145e-11
4.33666e+09
2.56011e+08
-2.16412e+37
-3.11894e-37
2.00779e+28
616.297
-9.82305e+30
-2.73598
-1.73645e+09
-1.27044e+29
1.90143e-30
-1.47861
1.17177e+32
3.76145e+28
-3.86325e+36
-3.7672e-38
1.0367e+36
-3.6234e-33
-2.38024e+12
-7.05691e-38
-5.31406e+33
-1.0072e+34
1.40328e-10
-6.65907e+35
-1.09691e-11
-6.77271e-16
5.49252e+16
-5.83821e-21
-1.2008e+34
0.000123968
-4.68978e+25
40253.3
-8.33958e+25
295.309
-1.70714
-2.35892e-38
-1.04062e+34
4.19689e-23
5.85458e-39
15.1791    <-102
180.441
177.23
-2.54156e+17
6.4815e-27
1.45706e-37
1.41445e-22
-81029.6
-1.59772e-28
-1.0323e-22
-1.85308e+16
-3.22342e+38
6.25417e-39
7.9616e+06
1.50144
-445040
2.62509e-08
0.345957
-5.80924
-2.87118e+38
-1.17407e-05
1.10688e-13
2.56001e-27
5.88916e+33
5.22824e+06
-7.6851e-07
3.25786e+32
618.016
-9.82305e+30
-2.73598
-2.32578e+23
4.00782e-22
5.01865e-13
-4.98482e-06
5.56541e+09
7.48271e-06
-6.10124e+34
1.05845e+26
-2.52925e-24
-1.53088e-15
1.04716e+09
-1.17552e-38
5.33539e-23
-1.00632e+34
7.62128e-15
-1.03599e-25
0.0118591
-6.93433e-13
1.65447e-19
-0.00673553
-7.68425e+35
0.0317852
-2.05358e-21
3873.39
2.96191e-13
8.23778e-08
-2.42986
-2.35935e-38
1.54395e-33
2.6477e-23
5.85458e-39
66.4111    <-103
172.877
217.886
-2.5297e+17
6.41824e-27
8.63626e-38
1.40563e-22
2.97618e+30
-2.44031e-11
-4.35612e-05
-3.67934e-39
1.09748e-38
7.96154e+06
7.9616e+06
1.50144
-1.3662e-16
1.97055e-13
1.55562e+18
1.1807e-15
-2.47407e+38
1.85258e-21
1.08911e-13
-3151.13
1.75965e-26
-1.77532e-35
-7.6873e-07
5.33768e+36
-2.40881e-35
1.61277e-23
-2.01723
9.64945e-18
-1.61979e-31
-2.06811e-21
-3.63014e-16
2.11279e-07
2.28742e-38
-1.64865e+20
1488.85
-2.00706e-07
-277.461
2.54235e+11
-9.04174e-40
-1.19388e-38
114.271
7.36973e-15
8.81254e+12
9.42491e+26
-8.38129e+11
-1.81951e-07
3.68239e-19
-4.80315e+34
-2.62475e+33
-5.25769e-19
-5.11855e-29
-1.73184e+18
nan
-1.29306
1.71041e-27
-8.45545e+21
8.59031e+21
5.85461e-39
131.97    <-104
160.919
221.793
-8.3928e+13
6.77472e-27
1.93762e-38
1.47235e-22
-7.24651e-38
-81795.8
-5.97245e+12
-1.85308e+16
1.43969e-17
-4.13849e-22
-2.83335e-38
1.50003
1.19268e-26
2.59136e-21
3.92757e+17
9.9055e+19
8.29877e-33
6.18686e-30
1.89993e-06
6.93511e+24
2.90095e+19
-2.35919e-17
-1.00739e-36
-2.96444e-37
-4.14733e+10
7.0226e-37
-7.78458
-4.61171e+20
-1.40281e-29
1.25824e-37
-2.19715e-11
1.19249e-14
-1.00633e+34
-1.71478e+38
-1.0616e-05
-2.40566e+10
-1.48533e+20
-6.95919e-13
-1.57166e+06
7.41105e-38
6.29074e-39
-3.34595e-17
7.64424e-06
6.30753e-25
4.13111e-20
-1.46963e-34
-8.21987e+30
-1.20129e+34
3.80072e-37
-4.89858e-28
2.81014e-18
1.59721e-09
6.68964e-35
-1.18369
7.39113e-27
-5.19372e+33
1.5883e-22
5.74007e-39
197.93    <-105
146.726
214.024
-7.74315e+07
7.62968e-27
8.41026e-38
2.8366e-09
-7.2464e-38
-1.00015e+21
-1.08281e+29
-3.79315e-37
1.03302e-38
-3.67888e-40
5.13804e+08
-7.50111e-34
6.46659e+13
1.23595e-29
2.3034e+11
7.1675e+33
2.02813e-21
-3.954e+37
514088
-0.0130615
-1.89337e+06
-4.01471e+34
-5.19332e-17
-2.25706e-10
1.54169e-33
6.35151e+29
1.41096e+35
-3.77126e+19
-1.52017e-16
-19.0327
-3.37987e-09
8.19009e-28
-1.51163e+26
6.06587e-36
73.0533
-2.6982e+28
-1.67445e+38
9.05561e-41
0
1.74514e-39
2.30457e-38
-3.34595e-17
-3.06382
3.76455e-32
6.03625e+28
12.2053
-2.18079e-14
-1.2308e+37
-1.05858e+34
-3.28912e-20
98671.7
-1.0055e-25
-8.84606e+09
0
1.66772e+35
1024.13
0.250862
1.96607e-24
264.173    <-106
137.631
195.925
-45.6771
8.63434e-27
9.76584e-38
1.77847e-22
3.65819e+09
8.44811e-39
4.66182e-32
-1.5101e-38
2.15532e-39
-2.47588e+30
8.02828e+06
6.42939e-26
-2.27045e-31
2.6373e-33
1.25843
6.71809e-38
2.91267e-11
0.464844
3.54543e+16
-2.59239e+13
9.81285e-38
7.74776e-24
-2.96918e-06
8.29294e-38
-2.41645e-35
1.61277e-23
8.06964e-25
3.41752e-12
3.12125e+18
4.62991e-26
-0.000118381
-nan
-2.53686e+30
3.92397e-33
39.0267
5.84949e-31
3.65445e-21
76853.5
-4.45782e+20
-1.12958e-38
-1.13512e-37
1.40328e-10
3.06382
1.65694e-19
-1.4329e-37
-4.54542e-08
-9.20775e-05
1.85537e-39
-1.12526e-13
-4.90265e-28
-1.5255e+29
-3.05708e-26
-1.25705e+28
-0.013902
1.8569e-27
-1.97167e+22
-5.5827e-23
1.21343e+15
333.28    <-107
137.412
183.447
-15.8586
9.18915e-27
-3.90422e+37
4.4572e-29
-4.83683e+20
3.24227e-20
1.5647e-13
7.269e+21
-1.17471e+25
1.68001e-27
3.79755e+19
9.51842e+17
-2.26744e-10
2.80159e-33
3.4721e-06
7.37796e+27
0.000124491
0.000484467
1.51017e+23
-6.89616e-13
-4.51882e+13
-3.46313e+27
-5.19326e-17
1.9118e-31
-4.14706e+10
-8.39033e+36
5.20555e-25
1.89544e+15
5.42483e+20
1.43137e-34
-1.49424
4.14643e-38
7.25873e-42
2.21311e-38
-5.73244e+18
2.38391e-12
0.00156541
5.74806e-37
3.10793e+34
5.50481e-23
114.271
3.71396e-31
-1.44354e+13
5.91633e+25
-3.43112e+15
48.8027
4.51681e-36
1.85931e-39
-3.86306e+28
0.607131
-1.76523e+29
-1.47328e-25
193.474
-1.08212
-7.06324e-37
-2.0533e+22
0.144326
1.96607e-24
404.355    <-108
137.363
182.153
-1.93556
9.84498e-27
-1.42611e+32
1.02793e-38
1.16981e-32
0.173078
820390
-1.2406e-36
3.35689e-27
-2.4672e-32
-1.96039e-15
-1.80879e-13
-6.93965e+11
2.65165e-33
3.43945e-06
-3.20081e+37
513.73
-129
4.12408e+29
-1.7351e-24
1.42207e-37
-1.5059e+19
-2.63665e-24
-1.86965e-34
4.76849e-31
6.14313e-39
1.59028e+08
5.81466e-28
2.89247e-14
-1.32571e-13
-5.91445
3.57698e-38
2.35244e-38
-2.54955e-16
5.23116e+06
1534.53
2.94254e+12
3.36395e+07
2.2093e+37
5.54365e-23
114.27
1.58893e-21
6.30667e-36
-2.54286e+35
1.0325e-20
-3.35376e+12
3.02403e-28
-1.97048e+38
-1.56865e-27
-3.06513e-29
-3.94232e+28
1.4241e+16
214.24
-1.18369
2.57008e+10
1.24898e-38
5.66175e-23
88.5002
475.769    <-109
136.09
183.243
-1.19339
9.64329e-27
1.6807e-38
9.94262e-39
8.33048e-38
7.39217e+09
6.06184e+16
1.66505e-38
2.02294e+37
nan
1.45591e-05
-1.80537e-13
-2.11181e+33
3.99319e-34
2.57824e-05
5.64379e-09
127.863
0.0319825
3.78545e+28
-3.05424e+21
1.98001e-07
7.90605e-16
4.89457e+37
2.15947e+15
-3.43796e+10
3.6736e-39
53.5
-4.32081
1.54854e-30
-2.26767e+08
-64.6313
2.29361e-38
1.50556e-36
0.0307616
3.59433e-35
2.69154e+17
3.90172e+26
-0.000741645
1.83422e+32
1.95434e+38
-3.34862e-37
912.001
1.62272e+32
0.765687
-2.09434e+11
1.27944e+07
-1.48469e-09
2.99159e-26
1.64725e-30
-3.28858e-20
-6.90063e+12
14.3509
3.59467e-29
2.53418e-29
1.70835e-27
-1.88549e+22
2.00372e+13
3.9049e-39
539.464    <-110
153.897
187.383
-1.86601e+14
6.50422e-27
4.89111e-35
1.41021e-22
-5.83979e+20
2.26712e+27
5.18158e+33
1.17076e-38
-7.52718e+31
1.05405
7.9375
-7.37826e+19
2.44799e-34
1.26868e-13
0.0281569
-1.57126e-38
-1.80464e+18
6.54049e+26
7.6098e-34
-1.06201e-05
7.98729e-22
-5.41873e-20
-1.08372e-37
3.36318e+38
-2.14752e-17
2.67919e-30
-9.03097e+30
6.20271e+16
1.70976e-34
1.32967e+30
-2.26664e-21
-4.71634
6.44215e-34
5.7641e+35
40.5263
1.719e+34
-7.4284e-35
1.29071e-27
9.61183e-36
3.3918e-23
4.23974e+15
-1.66164e+25
906351
-200718
-1.46899e-34
48.8126
-0.000117581
1.78466e+26
-550256
-3.82216e-29
4.44195e-28
nan
1.66737e-05
6.18149e+07
7.39311e-27
1112.28
1.99893e+13
3.9049e-39
511.366    <-111
198.597
193.65
1.58414e-38
3.62838e-27
3.1979e-35
7.96125e-23
-9.87368e+35
-6.63609e-34
2.76533e-06
1.1709e-38
5.17557e-33
nan
-2.66658e+32
-1.4843e+34
-2.10378e+34
88.3716
128.603
-4.6297e-32
-1.82772e-32
3.15686e-08
-0.00385499
779.385
-8.08032e+19
-0.0188716
-7.68335e-07
-1.30289e-23
618.016
-9.82305e+30
2.60923e-06
2.96945e-24
2.99903e+31
0.217053
8.86655e+20
-56.7701
6.39756e-35
2.65896e+36
2.84449e-14
-1.09798e-27
-5.23749e-19
-6.94987e-13
6.89815e+35
1.74222e-39
-4.13852e-22
2.83335e-38
1.82773e-22
-9.43419e-33
1.77502e-10
0.0007449
3.27902e-23
-0.0360277
-6.04397e+17
-4.46053e+19
4.83862e-07
-4.22464e-18
7.89699e-05
-1.88472e-10
-2.36147e-38
-1.04062e+34
4.19689e-23
8.95973e+17
484.084    <-112
155.447
198.456
2.49013e-14
3.7824e-27
3.7432e-35
8.12656e-23
8.33057e-38
-3.20685e-18
-2.45394e-12
-6274.37
7.64202e-37
nan
8.84946e-39
6.14187e-37
-1.91557e+33
1.59291e-29
54920.3
-2.52299e+35
-3.71952e-25
3.6255e+13
-16284.3
-3.3716e+16
-4.11287e+29
-1.41225
-6.14231e+08
-1.07678e-25
-1.28146e+37
2.69182e+29
8.01816e+12
-1.19023e-10
-0.214127
-2.23838e+31
0.400904
-2.41752e+35
3.67454e-37
5.25798e+34
2.27029e+28
-3.72436e-12
-0.00326058
4.88222e-28
1.63661e-35
5.4595e-23
4.24851e+15
-1.66164e+25
7.99577e+18
0.0119635
1.46729e-34
-9.62817e-30
-5.55139e+19
1.79653e-39
2.8626e-11
-1.82704e+23
1.25506e+27
-1.6165e+18
1.7613e-38
2.53418e-29
-6.04254e-41
-2.03831e+22
1.31977e+17
3.67554e-39
537.357    <-113
137.367
200.449
1.32227
3.73606e-27
-2.48192e+36
8.1394e-23
-7.24653e-38
-0.000194274
-13810.1
6.85438e+07
1.47919e-38
-2.47486e-32
1.48123e+08
-1.80879e-13
7.41888e-33
2.71399e-33
255613
-1.52011e+31
-6.59748e-24
3.68936e+19
-172640
-1.6041e+29
-1.0869e+20
-2.00201e+27
-2148.17
-7.48512e-34
-1.6625e+35
-3.89309e-25
2.18641e+07
-2.94637e+20
4.82111e+19
-7.74117e-29
1.25205
-3.15361e+38
7.03312e-42
1.75644e+24
3.17225e+14
-167.05
-2.14096e+13
1.73961e-27
1.05409e+36
7.32175e-23
4.7929e+08
854.278
3.11055e-24
-4.35361e-14
-4.43462e-11
-3.5868e-38
9.47967e-30
1.80191e-39
-2.57968e+36
-1.15368e-27
-565319
0.100153
nan
-1.29306
1.70914e-27
-9.52948e+35
-9.36547e+17
2.93763e+19
597.903    <-114
137.364
200.906
1.89256
4.08949e-27
-1.69362e+33
-3.40313e+34
2.31118e-32
-1.69062e+12
-1.20415e+20
-6.1779e+33
8.03089e+34
5.76526e-35
-1.03777e-38
2.04312e-24
1.0469e-23
2.61441e-33
648292
-2.72017e-12
-1.10963e-16
-9.18621e-41
-1.16444e+12
-1.6041e+29
-7.69356e+18
-6.15938e-21
0.00225067
-7.26713e-37
4.76849e-31
1.19288e-38
2.02989e-39
2.25407e-23
1.73761e-17
1.85902e+13
0.90337
-1.37739e+38
2.3524e-38
-5.41585e-35
108.338
-1.63474e+15
-5.43677e+26
6.07947e+07
2.2093e+37
-4.84311e-35
-6.03065e-36
1.58891e-21
137347
49.0321
1.509e+28
9.22218e+23
-3.27748e+12
-1.96227e+38
-3.94504e-28
7.04587e-38
-6.97468e+24
2.20129e-29
1.72429e-09
-6.2889e-20
-1.50171e-36
1.24898e-38
5.66175e-23
88.5002
658.75    <-115
135.973
201.762
0.217039
3.98818e-27
-1.2462e+35
-8.86972e-17
-9.20196e-05
-1.08777e+21
-2.11621e+29
-4.46935e+12
-1.77436e+18
-3.68189e-37
222500
1.8097e+33
1.37039e-14
9.98355e-35
2.04641e+06
-3.97586e+36
-4.17049e-22
1.64785e+32
-4.37747e+06
-2.59242e+13
-9.35858e-23
8.63527e+15
-1.00748e-36
1.34085e+38
-3.3203e-31
-3.32071e+32
-8.16937e-09
0.00157998
-3.46997e+10
6.55789e-10
0.954152
-1.09682e+36
9.29656e-38
-3.64341e-36
1.8585e-08
-7.24977e+22
-2.546e+34
-9.63227e+32
5.73223e-06
-7.494e+19
-4.61636e-10
1.24646e-25
-3.50725e+18
6.96998e-13
1.58217e+34
1.01401e+36
-2.50534e-21
-3.06548e+36
-6.58798e-21
-6.97884e-20
-8.35782e-17
-3.09294e+07
31964
-2.42986
-9.44083e-38
-3.34876e+37
4.25511e-23
88.5002
718.907    <-116
130.674
202.612
0.030792
3.83642e-27
-2.53137e+34
-5.9461e-06
-1.24362e+33
-5.19691e+28
-9.5952e+36
-1.85308e+16
6.10261e-36
-1.14587e+06
4.10386e+08
-1.8639e-09
1.46237e-05
1.72942e-38
6.89808e+06
-6.96833e-10
-4.02825e-25
1.05453e+34
-16978
32.3917
1.31398e+14
1.05149e-25
-2.82487e-32
-9.5156e-32
-5.11903e+37
2.83824e-21
7.08683e+21
2.52881e-11
1.46631e-22
6.0565e-34
1.1583
-3.0543e+34
9.18636e-38
-3.87843e-36
-7.88336e+10
-3.50882e+30
1.02484e-35
7.76279e-28
-3.92044e+35
2.10547e-38
114.272
-4.76751e-11
-9.48997e-11
2.92429e-06
-1.50851e+28
-1.03388e-20
6.52666e-16
-1.91577e+35
-1.72299e-15
8.67455e-26
4.79552e+19
-1.49683e-33
6.81739e+32
-4.21795e-25
-5.78317e+22
-2.05157e+22
9.30638e+10
-2.35907e+10
778.354    <-117
121.459
203.451
0.00656887
3.7857e-27
-1.50907e+34
-1.08587e+14
5.91256e-12
-2.357e+36
3.90111e-33
2.02879e-37
481.958
-2.56155e-32
-1.2293e-11
-3.55942e-10
12723.2
-2.96672e+27
2.21057e+07
-1.51231e-28
-9.97676e-26
4.50921e-16
-4245.12
9.82162e+15
3.97181e-28
-3.8359e+10
-7.05185e-33
-6.2043e+29
6.06064e-36
8.57147e+14
-348.638
-5.03305e+31
-5.09259e+07
-1.87585e+18
1.50987
-1.25361e+33
9.11289e-38
-3.99595e-36
-288.209
-1.581e+38
4.67033e-28
7.76436e-28
-3.92044e+35
2.10547e-38
114.272
-4.76751e-11
-3.53529e-19
2.78964e-12
-199552
-8.19136e+08
-1.44715e+28
-2.99347e+33
-1.76206e-12
-7.20937e-29
2.17441e-21
133.438
7.46311e+32
-4.21795e-25
-5.78317e+22
-2.05157e+22
9.30638e+10
-2.35907e+10
837.099    <-118
108.378
204.28
0.00152778
3.83597e-27
-9.45191e+33
-8.69609e-17
-2.3627e-12
9.57071e-34
1.79407e-25
2.02879e-37
481.958
-2.56155e-32
-1.2293e-11
-3.55942e-10
8.08163e+12
-3.55858e+10
6.61292e+07
-1.44381e-34
-2.53216e-23
-2.23272e+12
-1.08691e+06
1588.99
-5.72434e+08
-1.19892e-31
-7.05186e-33
-6.2043e+29
6.06064e-36
8.57147e+14
-348.638
-6.12647e-31
-4.17893e+08
-1.42071e-09
1.94737
-7.26451e+31
9.00269e-38
-4.11347e-36
72.2066
6.52681e-32
2.20291e-20
7.76593e-28
-3.92044e+35
2.10547e-38
114.272
-4.76751e-11
-1.317e-27
2.05898e+08
1.57318e-25
5.87711e-34
-3.5142e+24
-4.67805e+31
-4.50505e-10
-3.25009e-29
-2.24095e+15
-4.8574e+37
8.10863e+32
-4.21795e-25
-5.78317e+22
-2.05157e+22
9.30638e+10
-2.35907e+10
895.142    <-119
91.4758
205.099
0.000391484
4.01248e-27
-6.1256e+33
-411.037
4.14431e-25
4.4039e-26
8.30202e-18
2.02879e-37
481.958
-2.56155e-32
-1.2293e-11
-3.55942e-10
4.18408e+21
-1.18901e-11
2.15299e+08
-1.51582e-28
-4.116e-19
-3.81887e-37
-4.45264e+09
1.61637e+37
-1.79609e-33
172400
-7.05187e-33
-6.2043e+29
6.06064e-36
8.57147e+14
-348.638
2.35748e-32
-1.3729e-06
-1.93442e-27
1.04893
-5.81023e+33
9.07616e-38
3.42667e+35
5.43563e-38
2.37859e-23
1.66113e-11
-6.93383e-13
-2.66054e-38
3.03984e-23
114.272
2.06677e-14
8.60043e+09
6.65487e-19
3.94728e+33
-6.18093e-39
-2.48512e-21
-1.19802e+34
1.64113e+35
-1.048e-28
9.38552e+09
3.26668e-26
2.36453e+38
5.07404e-29
-7.06622e-37
-2.0533e+22
0.144326
3.9034e-39
954.259    <-120
76.081
206.266
0.035949
4.46754e-27
5.23533e-39
5.22989e-36
8.4331e-32
5.5828e-15
2.25576e-05
-6.18983e-22
4.64143e+29
-3.14126e-32
5.10579e-27
2.04312e-24
4.65729e+30
-1.5403e-26
1.33842e+09
3.52565e+21
-1.88224e-06
1.10105e-19
-4.70327e+21
-3.3716e+16
1.54326e-10
-1.2594e+07
0.00225063
-7.26713e-37
2.45627e-39
6.0056e-31
2.18643e+07
1.99277e+09
-7.00264e+28
-8.84041e+35
0.559621
-1.97055e+38
9.37005e-38
1.62831e+38
-8.97625e+28
1.25552e-10
19993.3
-8.28386e+34
1.24386e+35
5.43621e-23
114.272
1.03311e-10
-3.06661e+33
-2.47989e-27
-1.57856e+34
6.01845e-31
786932
1.81232e-39
-4.0951e+37
-1.04849e-28
1.50168e+11
2.13228e+20
202.821
-1.66024
7.0228e+16
-9.93163e+21
0.143986
1.96607e-24
1016.2    <-121
73.3545
207.7
2.06635
3.71081e-27
-4.94387e+21
4.60958e-36
8.8692e+17
1.33777
7.37277e+10
2.7e-38
-0.994682
-6.52471e-33
-2.36031e-38
3.87915e-26
-2.04772e-38
-6.62831e-28
9.34e+09
2.24576e-36
2.53756e+30
5.80966e+17
-5.09777e-16
-1.78491e-06
7.24894e-07
1.05251e-32
1.62187e-27
-3.49773e+37
7.27595e-36
5.94603e-14
2.36972
-6.21726e-15
3.99734e+31
4.90741e+19
0.547902
2.68619e-39
9.36999e-38
1.50759e-27
-8.97616e+28
506561
1.391e+20
1.1697e-38
-1.09894e+09
-6.28178e-34
-2.47542e-32
1.24832e-25
-4.33962e-19
3.54014e+18
5.34811e+13
1.50465e-31
1.01651e-20
-4.89114e+37
-8.78315e+27
-1.04469e-28
7.77034e-10
7.14251e-19
3.03824e+38
-3.79315e-37
-4.68415e+21
-2.05131e+22
3.52457e+15
1.95167e-39
6.17727e-39    <-122
0
0
0
0
0
