16383    <-0
16383
0
-32768
0
-32768
0
5957
32767
0
0
0
0
0
127
0
32512
127
32639
32512
32512
32512
10240
0
23296
23248
-23740
-7119
66
25600
-188
2879
6208
-26368
-9981
-10752
244
20095
-233
-11393
1542
1536
1536
1536
32512
255
0
32633
32512
4230
4230
4230
4230
-32726
42
-8725
17498
966
17124
8
17508
16383
16410
31
1099
253
-3561
17026
5975
32767
3932
29
29
29
29
-129
0
27392
127
-32641
-32752
-32752
-32752
10768
10880
-25856
23285
10052
-7164
2882
25600
-188
7743
7488
-4096
5
18944
490
24742
-233
21887
18190
18176
18176
18176
32512
255
0
32614
32512
4224
4224
4224
4224
-32726
42
6004
17499
1122
17124
-9
17507
16387    <-1
16415
41
1817
0
-3361
12335
5994
-32767
4461
130
130
130
130
-150
0
27136
127
-32640
-32752
-32752
-32752
10256
10880
29440
23363
27460
-7163
14658
25599
23364
9024
20288
-1280
7
5886
15353
29449
1047
24704
-12522
-12544
-12544
-12544
20736
255
0
-32658
-31744
4224
4224
4224
4224
-32728
42
31055
17499
1689
17124
-598
17507
16716
16416
102
2226
-768
-1200
-195
6012
-32764
6995
301
301
301
301
-179
0
28160
129
-32379
-32496
-32752
-32752
10256
10880
-6912
23480
29508
-7163
20546
25594
-18364
1090
22080
19712
9
-25606
15612
-30998
1047
18048
-25568
-25599
-25599
-25599
19457
255
0
-31891
-31488
4226
4226
4224
4224
-32728
42
442
17500
-1433
17123
-3118
17507
17538    <-2
16260
-93
2518
-2049
-535
-12483
6031
-32765
9529
541
541
541
541
-181
0
27648
132
-31867
-32240
-32752
-32752
10256
10880
512
23636
12100
-7195
-10430
25576
-27068
-14522
20030
21758
-246
21747
16638
-26161
791
11392
-20438
-20478
-20478
-20478
19202
255
0
-30868
-31488
4225
4224
4224
4224
-32728
42
-20257
17500
-14442
17123
-10318
17507
18650
15976
-618
2762
-4098
-554
570
6052
-32766
12685
855
855
855
855
-181
0
27904
137
-32636
-32752
-31984
-31984
10256
10880
-31232
23832
2628
-7283
-4286
25534
16708
-19637
62
13822
-757
-17942
20990
-20978
-745
-32385
5174
4356
4356
4356
19204
255
0
-30099
-31744
131
4224
4225
4225
40
42
-30417
17501
23237
17123
-24906
17507
19950    <-3
16278
-1076
2964
-6403
-75
-1956
6073
32765
15220
1272
1247
1249
1247
-181
0
27904
139
-31100
-32768
-31984
-32768
10256
8704
0
24066
-19900
-7398
-23998
25458
-15292
-11952
-19392
-4870
-1013
16608
15872
-15553
279
26496
-7872
-16123
-12539
-14587
19205
255
0
-29075
-32000
4224
128
4229
131
-32728
8
-32031
17502
-9409
17122
14196
17507
21410
16818
-366
3124
-9475
89
1054
6092
-32767
17754
1750
1733
1731
1734
-181
0
27904
142
-32637
-31472
-32768
-32752
10256
10368
3840
24325
-19388
-7487
10818
25325
-25020
-17322
-4033
29952
-500
-812
8192
-10547
-489
19839
-8886
-9465
-13817
-13305
19207
255
0
-28820
-32000
129
4225
4224
4224
40
42
-30128
17503
-15054
17122
-27038
17506
22945    <-4
16204
91
3251
-12546
-48
8789
6111
32765
20288
2294
2290
2274
2283
-181
0
27648
149
-32126
-32752
-32752
-31728
10256
10880
4864
24594
-8636
-7495
3906
25136
-25276
21852
-11712
-4353
12
-9272
16894
-6129
-489
13183
8020
6922
2826
5130
19210
255
0
-26004
-32256
4224
4224
4224
4224
-32728
42
-26639
17504
-18245
17122
-18292
17505
24470
16425
71
3345
-15872
-238
-4812
6126
32766
23204
2905
2901
2884
2894
-184
0
27904
153
-32382
-32496
-32752
-32752
10512
10880
-27648
24853
-8636
-7491
-3262
24885
-23740
-30366
31551
3840
13
12476
15359
-4374
-489
8831
-27060
-28148
-32244
-29940
16396
255
0
-26758
-32256
4226
4224
4224
4225
-32727
42
-30445
17505
-15738
17122
-21834
17504
26089    <-5
16206
84
3342
-19200
-179
577
6126
32766
15777
3539
3535
3518
3528
-194
0
-31488
152
-32125
-32752
-32752
-31984
10512
10880
-21248
25073
-26556
-7492
22338
24598
25156
-27287
4927
8192
13
-25682
17663
-3824
-489
27519
4406
3087
-1009
1550
15375
255
0
-25469
-32000
4226
4224
4224
4226
-32728
42
20629
17506
-24158
17122
30030
17503
27907
16416
-306
3397
-22530
79
599
6135
32765
14264
4189
4181
4164
4174
-196
0
29952
159
-31357
-31984
32528
-32752
10256
10880
-11008
25250
20292
-7597
30274
24262
-19644
26992
31296
28156
-2035
17825
22016
-4
-1257
15487
-19654
-21999
-26095
-23535
15377
255
0
-23956
-32000
4231
4228
4228
4227
-32728
42
-6104
17506
-21962
17121
2638
17502
29793    <-6
16520
-1524
3481
-25362
86
-169
6151
32761
15553
4889
4878
4862
4872
-199
0
27904
160
-30845
-32000
-31472
-31472
10256
10752
17920
25375
-8892
-8045
-19390
23873
21316
-2440
31808
-14345
-8179
-3687
21760
4102
-2536
17791
-25793
-32492
29204
31764
5908
255
0
-24462
-31488
4233
4228
4229
134
-32728
10
16918
17507
322
17119
27856
17500
32010
16791
-2720
3576
-26418
284
2636
6170
32766
17153
5665
5639
5624
5636
-236
0
29952
169
-31099
-32752
-31472
-31216
10256
10880
-5632
25420
15684
-8922
-10686
23434
28996
-18814
19778
10229
-17394
-9831
14593
9240
-1000
-31361
-17339
-24297
-27881
-24809
535
255
0
-19852
-31232
4227
4223
4228
4227
-32728
42
14086
17507
17180
17115
-25246
17498
-30599    <-7
17367
-2280
3666
-25688
408
-1478
6190
32764
18753
6504
6477
6463
6475
-256
0
29440
186
-32378
32528
-32240
32512
10256
8832
-23808
25337
-21180
-9842
6978
22954
-21180
7310
-16316
30969
-26354
-9823
13825
14333
-3304
-14977
9803
2843
-485
2330
27
255
0
-16525
-31232
129
4223
4224
4223
40
42
-27623
17506
3545
17112
-17995
17496
-27453
17540
-1279
3739
-21360
404
827
6208
32761
20042
7413
7385
7372
7383
-236
0
29440
194
-32635
32528
32528
32528
10256
10880
3840
25095
12868
-10545
10306
22481
4932
7066
-10171
-17411
-29682
-17227
10241
18682
-744
-12673
-11184
-18658
-21986
-19170
4382
255
0
-16781
-32000
4225
4223
4224
4223
-32728
42
21568
17505
6632
17110
-2457
17494
-24739    <-8
17680
824
3792
-16252
767
-10711
6221
32767
21331
8383
8355
8342
8353
-256
0
29440
181
32646
32528
32528
32528
10256
10880
12544
24700
1348
-10634
18754
22069
13124
-31323
-4541
-8440
31758
29132
12802
20955
-1000
-24449
-19628
-26846
-30174
-27358
34
255
0
-19596
-31232
1919
4225
4223
4224
-32728
42
-32252
17503
-28193
17111
-28401
17493
-21827
17008
2605
3891
-10374
153
4425
6249
32749
19889
9407
9378
9365
9376
-138
0
24320
17338
-31868
-32505
32519
-32761
-22265
10880
16128
24160
11332
-10057
3650
21758
18244
-22610
13634
-27639
31247
-33
16638
-30956
-232
-5505
-1208
-8410
-11738
-8922
2854
255
0
-17347
-31890
1922
1919
1919
1922
-32600
42
5032
17501
-14663
17113
30777
17492
-20044    <-9
17119
2395
4065
-6789
-212
2877
6305
32756
20244
10609
10581
10568
10579
-149
0
11776
-30540
-31868
32519
32519
-32249
-22521
10880
25344
23462
-18620
-9547
-12222
21506
10820
3252
-24253
8201
31760
25066
15613
-18672
-488
28543
4692
-2516
-5845
-3029
10795
255
0
-22461
-32101
1924
1921
1919
1922
-32600
42
6902
17498
-32719
17115
-25210
17491
-18806
17235
2475
4187
-4228
-582
6205
6349
32756
23009
11997
11969
11956
11967
-129
0
21760
-22367
-31870
-32505
32519
-32505
-22265
10880
3840
22645
-22972
-9175
12866
21319
10820
-25160
-29885
-29943
32016
-21006
15867
-7905
-744
-23169
-12210
-19663
-22735
-19919
21297
255
0
-25510
-32589
1922
1920
1919
1921
-32599
42
-18714
17494
-18502
17116
-132
17490
-17947    <-10
17372
2425
4284
-2691
-635
4671
6389
32765
17249
13543
13515
13502
13513
-174
0
22272
-17510
-32124
-32761
32519
-32505
-22521
10880
-20224
21725
14148
-8917
3650
21191
-30396
-1349
-28093
-3575
32016
3577
16123    <-11
3590
-2023
-31361
10567
3128
-200
2871
32568
255
0
-25779
32705
1922
1920
1919
1921
-32600
42
-5944
17490
-31469
17117
-25883
17490
-17317
17423
2522
4390
-1410
-1847
1068
6438
32764
19368
15256
15228
15215
15226
-129
0
18176
-14444
-31873
-32505
32519
-32761
-22521
10880
10752
20697
4164
-8753
-28606
21108
-17852
16572
15428
22538
32273
29691
6647
15888
-231
-897
13646
6463
3135
5951
32575
255
0
-31672
6091
32766
0
13824
0
0
0
0
-23485
-25789
12603
-9344
-31166
21564
23450
4028
-9660
22537
-6945
27836
24132
-30966
32273
-31492
7924
22334
25
8320
83
-7101
-10430
-7614
66
0
54
30795
32719
129
17152
17316
15231
-32719
17115
27287
17484
23566
17118
11803
17490
-17159    <-12
17539
2648
4532
-898
-3658
19238
6511
-32767
22287
18170
18141
18128
18139
0
13824
19456
-11659
-32385
0
-23485
32579
12603
-9344
4418
18956
-188
-8540
-190
21002
1348
-30019
21572
-9206
32273
-9476
17389
-31177
537
-13184
8279
1099
-2229
586
75
0
54
30284
32725
129
17152
11392
-10057
3650
21758
-26879
17479
-4790
17118
-6371
17489
-17141
17546
2641
4607
-898
-3435
-24246
6554
-32766
18762
20334
20306
20293
20304
0
13824
20992
-10120
42
6004
17499
1122
17124
-498
32340
17673
-6844
-8306
-22718
20935
-27068
-323
-4285
9738
32018
10749
21500
-19728
2585
13184
-6581
-13741
-17069
-14253
-32429
32528
-32752
32082
-31769
24916
-6076
-10727
4223
-32719
17115
25128
17474
22331
17120
-18121
17489
-16513    <-13
17251
2506
4684
125
-321
3937
6602
32755
20051
22620
22621
22626
22637
93
13824
19456
-2152
32644
21506
17500
32559
12560
-9344
3138
16291
19268
-1523
3481
20934
14404
-24639
-15551
25094
32018
-10494
30463
-9980
-4839
15487
336
11101
12381
-5795
-13732
0
54
-19122
-32768
4223
25217
12868
-10545
10306
22481
-8636
17468
-10794
17121
-7464
17489
-15997
16370
616
4712
893
-56
1918
6620
-32768
20717
25019
25008
25098
24985
0
13824
28416
-32604
42
-30464
17505
-15738
17122
-17995
22616
14869
19524
-7536
16450
20991
32324
449
-6081
27903
32018
-4094
-31752
-8405
25
896
-15535
-28315
-5274
3430
102
0
54
31621
32512
132
-27648
24853
-7548
-19134
22713
19094
17463
1501
17123
6518
17490
-16006    <-14
16224
-187
4716
638
-1620
27902
6623
-32768
21566
26898
27170
27326
27104
0
13824
-31488
107
10367
10880
10880
-30848
17124
0
-31644
13441
28484
-7426
28738
21043
30020
-9535
-23489
27134
-32238
-27134
-263
-8851
281
23936
16729
20844
-5011
3693
109
0
54
30335
32512
137
-32632
-7033
-7031
66
25600
-17771
17457
30524
17122
19808
17490
-16017
16466
-508
4710
643
-1664
28158
6619
-32766
24029
28528
28800
28955
28733
0
13824
31744
131
-30081
-30236
-30236
-30208
17124
0
-14492
12021
-23996
-7824
12866
21095
26180
-14399
26688
25853
-31726
27138
-263
-9618
793
-8832
-24739
-20878
19059
27764
115
0
54
-31362
32512
139
-7030
138
-7029
66
25600
11753
17452
-28696
17120
32717
17490
-16030    <-15
16417
1
4714
642
-1372
-23052
6110
32575
20657
30480
30773
30897
30665
137
13824
31760
127
126
-30464
17408
-12494
17110
10245
9984
10595
15684
-8141
21826
21143
17732
22465
-18624
28671
-32238
-28926
-20488
-7821
25
25216
-25263
-27013
-27268
-21379
124
0
54
31096
0
24832
-6076
-10727
4223
10306
22481
-27758
17446
13608
17120
-21084
17490
-16076
16241
266
4723
638
-1659
-27764
6628
-32768
20856
-32690
-32440
-32241
-32484
0
13824
30464
-32647
42
-30464
17408
-12494
17110
17124
-256
9153
21060
-8048
-702
21186
11332
31169
-1985
30464
32274
18946
-3850
-6287
16151
10879
1362
2693
-378
2694
134
0
54
32120
32512
24961
-6076
-10727
4223
10306
22481
-4706
17440
-5006
17120
-10250
17490
-16087    <-16
16310
160
4732
638
-2415
28410
6122
32575
21055
-30214
-29954
-29710
-29954
4230
4230
4230
137
-32700
-32759
-32759
-28193
17111
-28401
9045
7703
23620
-7893
-16318
21228
10052
13505
-22208
31999
32530
28930
-5893
-5507
25
14720
-31659
32141
-4210
-1137
-31090
-31216
1040
-32646
32512
132
132
131
131
40
9
16982
17435
-3583
17120
392
17491
-16095
16598
-414
4729
642
-1189
32233
6632
-32768
23128
-28493
-28244
-27874
-28118    <-17
0
13824
32256
127
10367
-30848
-31232
-31232
16896
0
-21148
6255
11588
-8135
16706
21270
5700
30145
9025
30717
-31982
17666
-5381
-6531
281
-8832
-7843
-9581
19860
22934
149
0
54
32641
32512
137
137
137
137
66
25600
-24785
17429
24608
-1803
10977
17491
-16121
16912
-1044
4725
644
-1233
32235
6629
-32766
24029
-26864
-26615
-26245
-26488
0
13824
-32768
127
-30081
-29980
-29980
-29980
17124
0
-9884
4816
22852
-8886
-32446
21311
-3260
-22336
-17342
29946
-31470
6402
-4869
-7043
537
-8832
16221
14490
-21861
-18788
155
0
54
32639
31744
131
17219
17408
0
129
0
0
0
0
0
0
0
0
0
0
0
23808
-26049
-25800
1033
17424
5399
17115
21503
17491
-16164    <-18
17213
-1644
4723
646
-1277
32237
-29981
-29952
17124
-25234
-24985
-24615
-24859
-8135
16706
21270
5700
193
0
0
0
16221
14490
28571
3386
-17340
-10143
30530
21352
-16060
-12608
29507
29688
-30958
-4862
-4614
-7299
1162
-7029
-25278
-26976
2209
5283
162
0
0
0
0
0
0
0
23808
-26049
-25800
29283
17418
12490
17109
31970
17491
-16222
17501
-2214
4723
648
-1320
32238
-29981
-29948
17124
-23604
-23355
-22985
-23229
0
0
0
0
-29696
-29696
0
0
16221
14490
31131
1964
32580
-11902
12866
21393
-32444
-5952
18500
29942
-30446
-15870
-4102
-7299
1418
-7029
-1214
-2906
26279
29353
168
0
0
0
0
140
140
140
140
-26049
-25800
-5968
17412
22329
17101
-23166
17491
-16291    <-19
17777
-2754
4725
650
-1364
17392
67
-29947
17124
-21975
-21726
-21355
-21599
0
0
0
0
-29696
-29696
-29696
-29696
16128
14490
155
551
24132
-14161
-19390
21433
14148
-2368
15173
30452
-30190
-26878
-3846
-6845
1280
-7029
22594
20909
-15442
-12113
174
0
0
0
0
140
140
140
140
-26049
-25800
-12642
17406
-29882
17091
-12836
17491
-16370
18041
-3265
4728
651
-1407
-30223
-30464
-29946
17124
-20345
-20096
-19726
-19969
0
0
0
0
-29696
-29696
-29696
-29696
16128
14490
31387
-1709
22083
-16917
-702
21473
-7356
-1601
19014
31730
-29678
27394
-3334
-6275
1673
-7029
-18878
-20557
8628
11702
181
0
0
0
0
140
140
140
140
-26049
-25800
-9087
17395
-12313
17079
-2563
17491
-16458    <-20
18294
-3748
4734
653
-1450
32242
-30231
-29946
17124
-18715
-18466
-18096
-18340
0
0
0
0
-29696
-29696
-29696
-29696
16128
14490
16795
-4508
30275
-20116
-19902
21513
-7612
-5441
19014
-29710
-29678
1282
-29694
-3192
134
-1658
-4266
-5958
32699
-29764
187
0
4096
32383
32547
4572
-898
140
140
-32088
2
-19834
17384
31166
17067
7450
17492
-16247
17472
-2329
4781
651
-2294
-25461
6667
32766
22131
-16611
-16362
-16029
-16273
0
0
25863
23421
23423
9024
-9152
32273
-9476
10244
-26880
-7468
28227
-23152
-11198
21552
28228
-16704
-2492
-12811
-29678
-32510
2811
9075
-230
6015
27225
-31549
-20540
-17466
-4667
17118
-6371
32593
32636
9857
-999
-22401
-898
-4646
14147
-16052
17372
-23492
17055
17716
17492
-16256    <-21
17564
-2422
4844
651
-1103
-32133
6714
32767
23576
-14110
-13828
-13355
-13587
-8612
6978
21038
-25216
-9345
6225
32764
21664
-31565
7924
22334
-10642
20803
-25984
26178
21594
-16828
27584
-4285
2552
-30445
19202
1789
20615
-230
-8833
8541
11982
-1329
4816
-29744
-29943
32016
-32526
32716
20955
-1000
-24449
-19628
-2940
15902
-8435
17359
-29612
17046
28505
17492
-16205
17011
-1347
4900
391
-185
-28222
6757
32762
24029
-11564
-11309
-10635
-10881
2540
4235
23677
-1411
6268
32764
21664
32512
-22528
640
21248
-14044
-9661
-27647
-23998
21623
-31932
24767
-23999
11261
-31725
10496
-14083
27629
6682
-7029
-23486
-23593
-18984
-12837
-38
-29943
32016
25704
30720
16249
248
4727
638
-2486
29168
23791
17346
-9488
17042
24067
17492
-17053    <-22
16461
-79
4911
-894
-301
-14651
6766
-29933
17124
-8983
-8770
-7956
-8146
2531
4235
32125
49
32634
21664
32512
32274
-28414
10486
-17664
-17515
-13757
-27976
25922
21522
-7100
8378
-29120
12800
32275
-19209
-12034
28929
4378
-7029
31042
2018
-15645
8678
-26
-29943
32016
1666
30720
2687
4646
-643
638
-2415
28410
-10257
17332
-14034
17042
-29582
17491
-18427
16623
446
4917
-3714
-231
1745
6772
-30185
17124
-6144
-5889
-5134
-5095
2559
4235
31869
0
32632
6154
32761
32449
-28414
-1290
13166
-20948
20035
-27948
-3518
21192
-2236
29620
25153
14594
32531
1259
-13825
30212
6170
-7030
27970
-19218
-4114
5617
-14
-29943
32016
118
30720
2687
2695
2695
638
-2415
28410
-25470
17319
-10714
17042
23937
23856
-20009    <-23
16776
594
4924
-6782
-251
-323
6777
-29913
17124
-2962
-2891
-2064
-2025
2559
4235
30333
0
32632
-30710
-30966
32266
-28414
11254
-11264
-24271
-29629
-27953
-32702
20614
3908
16815
-14527
16129
-32237
-21280
-19459
31733
9242
-7029
29762
-17414
-2310
7677
-4866
17120
-10250
82
31488
-129
23679
7439
638
-2415
43
-6104
17306
-15501
17042
5888
17487
-21105
16570
264
4931
-9086
-915
-6752
6783
-29936
17124
129
200
1027
1065
-7893
-16318
21228
13338
29121
-31937
6143
32763
-28356
-1290
17006
-27473
-9917
-27978
-15806
19853
-12732
10412
20800
17920
-32237
-31269
-25862
-32032
1818
-7029
-28094
-9978
5126
15114
11018
17121
-4928
21330
-16076
16241
266
-643
638
-2415
28410
31966
17294
-18931
17042
-2443
17483
-21395    <-24
16390
11
4938
-9602
-2688
6593
6789
-29952
17124
3242
3313
4140
4178
-7956
-2494
21207
10564
-9279
6225
32764
21664
8883
8855
-6006
-30645
6467
-27995
11074
19032
14404
23212
-21440
19455
-32237
-23078
-16646
-31120
3610
-7029
-25790
3856
-4335
-5868
11028
17121
-4928
-30638
32512
4729
642
16475
16419
-26049
-25800
7931
17282
8114
17042
-17881
17480
-21496
16600
-245
4937
-9597
-1399
28859
6787
-29917
17124
5066
5182
6174
6168
-8135
16706
21270
132
-31105
-31232
30717
-31982
17666
-5381
-24707
30701
13123
-28389
15682
18205
-10428
20139
28481
18430
-31725
18137
-12552
-32161
7962
-7030
66
-22249
19735
17947
-25829
-1803
10977
32083
21270
2692
2695
16520
-508
-32728
2
-22079
17259
27010
17040
29206
17477
-21737    <-25
16394
32
4939
-10366
-864
2518
6790
-30185
17124
7321
7408
8386
8454
2559
4235
32125
95
-32390
-32512
30464
32274
18946
-3850
-2191
24474
-31165
-28649
9794
17324
8772
-15959
21824
20224
-32237
15572
-15106
-30243
5146
-7030
27970
-27102
-31198
-2266
-218
-29943
32016
14455
30720
2687
4226
16258
248
-32728
2
-7089
17235
2160
17040
-17485
17473
-22896
16399
113
4946
-12670
-386
193
6795
-29933
17124
10385
10426
11313
11502
2559
4235
30333
12
31096
26687
26626
32018
-14333
32511
23559
18613
27971
-28654
-3006
16279
-21692
-17757
-15296
21760
32275
20681
-11777
-29159
6426
-7029
-17854
-7378
7470
5938
-205
17120
-10250
82
30720
16241
-125
4738
893
-56
1918
8072
17214
8232
17040
16690
17469
-24421    <-26
16728
312
4952
-15490
-226
4298
6800
-29915
17124
13544
13447
14304
14661
-7937
-2494
31447
0
29048
32575
3932
32285
-28414
11254
-20736
13370
23619
-28633
9282
15032
31300
-22371
22849
23297
-32237
189
-15361
-27901
10266
-7029
6722
-18117
4666
30526
-193
17120
-10250
122
30720
16241
16264
16264
638
-2415
43
7199
17195
9469
17040
-316
17463
-26030
16780
290
4958
-18814
-237
-2371
6805
-29911
17124
16721
16624
17481
17838
-7937
-2494
31191
0
32632
-30966
-30966
32266
-28414
11254
-2816
8918
7491
-28641
7490
13592
9796
18839
-10175
24832
-32237
5040
-16641
-26376
10522
-7029
-29630
11335
-31417
-5558
-181
17120
-10250
82
30720
16241
23679
7439
638
-2415
43
31780
17179
7461
17040
2043
17458
-27659    <-27
16691
177
4963
-21886
-242
450
6810
-29911
17124
19917
19820
20677
21034
-7937
-2494
31191
0
32632
32522
16197
32411
-28414
11254
29440
5394
-8637
-28642
-21694
11987
5700
18577
-24255
26368
-32237
-23900
-15875
-25343
9754
-7029
4418
-20140
2643
28247
-26792
17120
-10250
121
31488
-129
23679
7439
638
-2415
43
29689
17167
7141
17040
-31619
17451
-28944
16678
131
4970
-24446
-507
-3906
6816
-30184
17124
23131
23035
23891
24248
-7937
-2494
21207
6
32633
32522
16197
32411
-28414
11254
6144
2704
31555
-28650
-15294
10271
-23484
-6004
24128
27904
-32237
-5733
-16644
-23824
7450
-7029
-21950
19040
-23712
2147
-31899
17120
-10250
6482
31744
2687
-1768
-16001
638
-2415
43
22643
17158
4785
17040
-22173
17444
-29970    <-28
16573
73
4977
-26750
-707
-1856
6821
-29937
17124
26367
26271
27127
27484
-7940
-2494
21207
43
32634
-31840
6143
32763
-28356
11254
22784
708
6979
-28653
19266
8484
-8380
-15992
16704
29696
32275
-24684
-15620
-22518
6682
-7029
22850
-1683
21100
-18576
-32399
17120
-10250
12626
31744
2687
-125
-1257
15487
-2415
28410
-20300
17151
5649
17040
-28087
17437
-30938
16610
64
4983
-28546
-669
2242
6827
-29942
17124
29625
29529
30386
30743
-7937
-2494
21207
44
32633
-31734
6143
32763
-28356
-1290
26734
-1236
-9918
-28649
29250
6645
5956
-2171
14144
31488
-32237
29324
-15876
-20992
6682
-7029
8002
-16774
6009
31869
-4994
17120
-10250
9554
31744
2687
-1768
-16001
638
-2415
42
-7751
17143
5384
17040
20486
17430
-31818    <-29
16599
44
4990
-30334
-943
-5696
6833
-29947
17124
-32630
-32727
-31870
-31513
-7941
-2494
21207
44
32635
-31734
6143
32763
-28356
-1290
1390
-2635
-6334
-28656
-958
4771
-4796
-22655
8512
-32256
-32237
26758
-15876
-19211
5914
-7030
-1214
-25978
-3194
22665
-4981
17120
-10250
14418
31744
2687
-125
4738
893
-56
1918
-23920
17140
3941
17040
-3441
17422
-32574
16534
27
4997
-31870
-1599
-3903
6840
-30195
17124
-29327
-29423
-28566
-28210
-7956
-2494
21207
10559
-9279
-32175
-32001
32018
-14333
32511
15111
-3011
-3518
-28661
10818
2877
11076
28288
6720
-30464
-31213
-29566
-15880
-17475
1562
-7029
-4542
-29293
-6509
19350
19033
17117
16257
22136
-16087
20955
16257
616
4712
-56
1918
11596
17140
5694
17040
-31733
17415
32737    <-30
16395
106
5004
-32204
-374
-9987
6846
-29952
17124
-26000
-26096
-25291
-24968
-8135
16706
30742
10610
-9279
6225
31996
32530
28930
-5893
14973
-2995
-30398
-28527
-25022
967
-18108
-6785
2879
-28671
12307
5507
-7180
-16084
26
-7029
-10686
-26464
-16736
163
165
0
0
31096
32575
16257
616
4712
893
-56
1918
-30714
17140
3518
17041
2236
17408
32677
16388
224
5011
-31958
-1635
7813
6852
-29952
17124
-22771
-22833
-21941
-21618
0
0
30720
16249
23423
9024
13376
-22208
19199
-3850
-22159
-2870
-22974
-28344
24130
-1901
-26813
10623
-13248
-28417
-1517
-894
-31494
-16109
1562
-7029
15426
-342
-11863
5037
175
0
0
32379
32512
134
-634
16598
-414
-1211
32234
3310
17141
1074
17041
6881
17393
32650    <-31
16459
-329
5006
-31789
-1308
4996
6847
-30195
17124
-21141
-21203
-20224
-19902
-8886
-32446
21311
126
-30593
1088
26366
-32238
-27134
-263
3949
-2734
-24510
-28607
19266
-5721
32067
26239
-12224
-29187
-12525
22916
-522
-16885
1306
-7029
-26046
10673
11953
29108
181
0
0
32385
12274
27184
4226
4725
644
-32721
2
-19327
17141
4056
17040
10791
17378
32588
16409
217
5009
-31999
-1166
21938
6849
-29943
17124
-18769
-18868
-17851
-17431
2520
4235
31869
119
-32132
-32512
30464
32274
18946
-3850
10609
-2460
28994
-27656
-16830
-9532
-27325
-18562
-5313
32526
15123
18844
-763
-20217
3610
-7029
-30654
-26948
-32581
12991
193
0
4096
26496
21270
20804
-1000
-24449
84
-31448
10
-27225
17143
-30105
17060
-14503
17364
32291    <-32
16314
8903
4963
-15300
1501
-768
6810
-29952
17124
-15649
-15948
-14931
-14538
0
0
-32752
10585
-9279
6225
32764
21664
8883
10885
-13312
-1808
26946
-17061
3394
-11940
12611
22398
-9409
17204
15635
-21784
16645
21270
17434
0
2177
-8759
-10553
24523
205
0
4096
26237
-16087
1243
1243
1243
1243
-15064
63
21486
17146
-21279
17112
-9916
17360
32368
16083
17981
4895
2621
1495
-2
6753
-29947
17124
-12548
-12847
-11830
-11437
-7950
-30654
32257
10621
-9279
-9468
-9468
-9468
10244
16325
-18688
-1095
-6334
-3734
26946
-11475
-17085
2430
-1730
-937
15378
-22483
-251
18175
26
31627
-17827
-28716
-30509
4567
-3367
17120
392
-31359
-16087
1243
1243
1243
1243
-31448
42
10064
17149
-16601
17153
-18274
17367
32580    <-33
15256
26883
4835
20282
1455
-768
6707
-32764
23330
-9652
-9952
-8934
-8542
-7950
-30654
32513
10621
-9279
-9468
32764
21664
10244
10885
6912
-310
-30910
1593
27715
-8812
-29117
24191
17710
-11399
12306
-29073
261
9992
17434
-15872
-16295
-27169
-28962
6114
-3356
17120
392
28281
-16087
1243
-805
-24449
1108
-31448
42
18302
17152
-22341
17157
-14752
17379
-32732
-13438
29966
4812
27598
1356
5697
6690
-29952
22876
-6898
-7175
-6158
-5765
-7950
-30654
30465
10606
-9279
6225
-9468
-9468
8883
10885
22528
308
-31677
65
-10173
-5804
-11965
-20096
-11324
-12444
-14830
-31157
-251
9220
17434
28928
28761
23530
21737
-8723
238
0
4096
30585
-16087
20955
1048
1243
-19493
-31454
42
10590
17154
-23537
17133
25353
17389
-32409    <-34
-15679
21564
4824
10692
1389
-768
6699
-29945
23044
-4134
-4411
-3393
-3001
-8152
21826
21143
125
-9342
-9468
-9468
-9468
10244
10885
-32768
788
15683
-10844
-9662
-4291
-29629
28801
20417
-7869
-15342    <-35
-20984
-763
13055
-12006
4991
21083
15861
14068
-16392
-3335
17120
392
-31871
21311
1092
1243
1243
1243
-15064
63
-1523
17155
26291
17084
-32763
17390
-32333
-16157
12861
4844
-5948
1404
-515
6714
32705
23586
-1332
-1621
-580
-187
-7950
-30654
-31999
10627
-9279
-9468
-9468
-9468
10244
16325
-18176
1221
30019
-22948
-7102
-5321
-3517
30849
-64
-3040
-15342
-21307
261
16387
-742
-19329
24668
15616
20735
-9981
11012
17121
1216
-29568
-6125
0
0
0
0
0
0
0
578
23401
17085
23565
-498
16650
8327
12595
-2816
12407
-21824
-2289
-14830
-23389
22876
16910
-7175
18162
-1187
-12795
-5116
29704
25866
-9279
-9468
-27908
-9468
10244
16325
3328
1018
26947
-17061
2454
17158
-16410
17042
-27003
17375
-32290    <-36
-16413
-141
4852
-30997
319
-512
6720
32764
23776
2867
2603
3718
4111
-15981
1243
29915
4744
642
-1905
29615
-1523
17155
10245
20992
1704
-11965
-27980
26178
-9937
10563
1410
8640
-2048
18
10374
-25606
17177
282
-2688
-16804
-15857
8718
-21996
-27627
2636
6170
31486
32000
10244
16325
3328
1018
-16829
-28403
25864
17159
-16272
17042
-15978
17362
-32117
-16332
108
4860
-31232
-2085
20940
23366
21737
23944
5472
5220
6596
6988
-16084
16249
248
-661
638
-2415
-32006
6623
-32768
3518
-18287
2106
-18109
-27967
17730
-13236
-17341
19586
4544
256
19
5255
-2056
19186
12058
5535
2116
3099
27674
-2785
11296
31169
-1985
27770
-31726
12034
3222
3218
3202
-16768
-28403
7166
17161
-17302
17042
-12225
17349
-32044    <-37
-16357
-75
4869
-30976
-1912
-26896
-12467
19366
-29014
8375
8123
9498
9891
-16084
16249
31480
4728
644
-27089
28172
31966
17294
-18931
28306
2564
-19133
-27974
24130
-16562
-8125
-6270
-10049
2559
19
-3705
-31752
-12566
-12498
-12038
11026
15142
-12507
22314
16172
23423
9024
-2496
29168
-28799
-20488
3443
1152
28994
-27656
-4095
17162
32632
17042
-13503
17336
-32025
-16428
255
4871
-30730
-1225
-2942
-8881
-10553
24523
10585
10346
11865
12257
-16084
16249
31480
10244
-1792
28158
32221
3310
17141
1074
-4207
3034
17219
-28219
2370
-19891
-4541
-15486
10431
1282
-5101
-2424
-32006
19957
-23526
-22985
-30653
-26324
-30933
4145
31027
-29696
-29696
-32768
-32238
-27134
-263
3949
-2734
-24510
-28607
-15017
17164
-29776
-6785
-11457
17323
-32013    <-38
-16460
831
4867
-30235
-1324
-2686
-437
-11863
5037
12215
11976
13494
13887
12274
27184
4226
4725
644
-1233
32235
6629
-32766
24029
2064
3503
24899
-28973
11074
-23201
-1725
-23166
20671
260
-8429
-16758
-32006
19189
2074
-21039
-6637
-2254
-6863
28215
57
-30593
1088
26366
-32238
6402
-4869
-7043
537
-8832
16221
-26618
17166
-25446
17036
-4181
17310
-32002
-16489
1371
4863
-29733
-1368
-2686
22856
-19853
6006
13845
13606
15124
15517
0
0
0
0
23808
-26049
-25800
29283
17418
12490
21461
3968
-17085
-30233
-4798
-26492
835
-30077
25023
-250
-10478
-27764
-32006
18677
3161
30386
17431
21561
17208
-13506
5695
193
0
0
0
16221
14490
28571
3386
-17340
-10143
26603
17168
-19163
17030
7963
17298
-31992    <-39
-16515
1889
4862
-28972
-1411
-2430
11591
173
17073
15475
15235
16754
17146
0
0
0
0
23808
-26049
-25800
29283
17418
12490
-26923
4438
31555
-31906
-4286
-29768
-2493
22402
14016
6
-10221
29837
771
18736
-12498
-27654
-21667
-14272
-24257
10564
-25530
-9279
6225
32508
21664
10240
14469
16795
612
3907
32
20913
17170
-4379
17024
16377
17285
-31829
-16422
457
4869
-29728
-567
-15441
6733
22
17073
17586
17181
19009
163
30720
16241
32272
116
16506
-26049
-27356
-24540
30244
10756
27136
5049
-5053
-32763
8258
32133
-28093
4997
-15424
2303
-237
-10612
-14595
20726
26271
27127
3164
-31670
20040
-10417
80
29048
4159
18296
32018
-14333
10880
-13312
-1808
26946
-17061
-11735
17173
2864
17024
-26074
17264
-30733    <-40
-16271
9
4876
-28416
-439
11708
-27053
-31198
-2266
20421
20029
21767
22160
30910
16249
616
-1258
15487
-111
1918
11596
17140
5694
23184
6316
21571
-32741
25666
25543
21059
10890
15809
4096
19
-24170
-16898
21791
26271
27127
-31652
-17835
-21421
20314
92
32633
-31734
2559
32411
-28414
11254
29440
5394
-8637
42
21871
17180
9097
17024
7581
17239
-29410
-15997
103
4883
-25856
-324
1473
-27048
-31198
-2266
23368
22910
24688
25107
30720
2687
17791
2573
638
-2415
28410
-25470
17319
-10714
9618
8419
-30397
-32735
-4542
19122
9539
27280
30145
5632
19
-1631
-15106
23541
-31078
-30221
4440
18273
14431
-9370
103
29048
-30657
2367
32266
-28414
-1290
-32122
-22628
9795
-27946
24785
17190
7280
17024
-24937
17214
-27832    <-41
-16082
114
4890
-22784
-244
-1597
-1187
21337
-18339
26335
25877
27654
28073
30720
2687
17791
-25793
638
-2415
-31479
-25591
17319
-10714
1938
11472
32323
-32741
21314
13047
31043
9110
-32063
7424
19
5038
-16129
24579
23035
23891
-20040
-6036
-9878
31857
115
32632
32522
16197
32411
2306
2550
2437
2460
9795
-27946
11079
17204
7893
17024
-11737
17191
-26191
-16054
181
4896
-19456
-226
1982
-7326
7470
5938
29320
28863
30640
31059
30720
2687
17791
-25793
638
-31223
-31479
-25591
17161
-10714
-18542
15464
-445
-32735
12354
7490
-5565
28828
-4671
8960
19
7098
-16129
25858
12003
12829
25879
-25736
-29578
12157
-16084
32632
32522
16197
32411
2306
2439
2438
2460
9795
-27946
31894
17221
8681
17024
22884
17171
-24538    <-42
-16017
269
4902
-16128
-229
-318
-16793
6009
31869
32325
31868
-31891
-31472
30720
2687
2695
2695
638
-2415
-31223
-25591
17319
-10714
2962
20314
-10429
-32737
13378
2601
25411
22691
6593
10497
19
7367
-15361
27390
31166
32023
11132
24964
21378
-2679
138
32632
-30966
-30966
32266
-28414
-1402
-32122
-22628
9795
-27946
-3368
17241
7842
17024
-15803
17153
-22881
-16053
299
4909
-12800
-230
193
-16787
6009
31869
-30187
-30644
-28867
-28448
30720
2687
2695
2695
638
-31087
250
4723
17173
10974
-5120
25910
21059
-32737
3650
-2969
-9662
21673
22209
12289
19
6612
-16129
28417
31166
32023
1148
15248
11406
-12395
150
32632
-30966
-30966
32266
-28414
-1402
-32122
-22628
9795
-27946
5301
17265
8365
17024
5219
17127
-21228    <-43
-16028
396
4915
-9472
-232
448
-16782
6009
31869
-27144
-27602
-25824
-25405
30720
2687
2695
2695
638
-31087
-30982
-25470
17319
-10714
-19310
32121
9283
-32735
-4286
-9309
19778
27312
-17727
13825
19
6113
-15873
29696
31166
32023
-3716
10139
6298
-17503
162
32632
-30966
-30966
32266
-28414
-1402
-32122
-22628
9795
-27946
13870
17285
8470
17024
6213
17106
-19581
-16022
482
4938
-6400
-242
193
6789
5915
31869
-24070
-24528
-22751
-22332
30720
2687
27527
17152
32632
-31225
-31225
-16121
17372
-23492
8607
-29698
-3773
-32738
-22206
-13737
18242
21430
-7743
24577
19
25325
-13827
-26628
8474
32023
9596
23464
19878
-3923
0
-29696
-29696
83
31854
1919
1926
1925
-9023
15427
-24668
1602
17299
5625
17024
-4288
17091
-18481    <-44
-16148
329
4982
-4096
-894
-2082
22954
-19956
6006
-20876
-21334
-19557
-19138
32707
9857
-999
-28393
15485
-2415
28410
-19195
17397
-23492
-14689
-26044
22083
-32756
1858
-16777
23106
31673
-30528
-9987
190
-26893
-12804
-16898
-7417
-6462
-6623
7348
3763
-20038
-22853
25535
-13757
16649
31939
-28356
32511
19463
-3027
15427
-24668
-18638
17313
3021
17024
-4531
17081
-17775
-16268
115
5025
-2560
-1457
1719
6865
-15861
8678
-17540
-17997
-16220
-15801
-16482
17251
22986
-2735
32638
-27089
28172
31966
17294
-23492
-28513
-22193
-20669
-32753
22082
-18896
-21694
-23621
-8768
-22528
19
9464
-19716
-10245
1753
2580
11835
25794
21952
-1849
-9528
25535
-13757
20581
32763
-28356
32511
15111
-3011
-3518
-28661
-2454
17328
4981
17024
23311
17075
-17152    <-45
-16174
339
5040
-1536
-1295
1465
-26914
-32581
12991
-14106
-14564
-12786
-12367
30883
16241
16264
4676
32637
-31993
-31993
-16121
17372
-23492
-1377
-18240
-23997
-32747
9538
-20099
28738
-6210
22464
-15103
19
5373
-15875
-3837
29529
30386
30743
-3889
-7731
-31532
214
32632
-30966
14699
31058
1919
1924
1923
-9023
15427
-24668
-18466
17344
6235
17024
-863
17072
-16206
-16119
449
5081
256
-435
-1097
6916
22
17073
-10575
-11033
-9256
-8837
30720
2687
20871
30496
638
-2415
28410
11315
17326
-23492
-17249
-14123
-1981
-32737
-18366
-19859
24642
25539
-18751
-5118
19
-28666
-18690
6142
8219
-22985
-23229
989
-2852
-26654
-16156
32632
-30966
74
31149
-28414
-1402
-32122
-22628
15427
-24668
4938
17361
8960
17024
-6749
17077
-14992    <-46
-15993
823
5120
2560
-1000
1229
6955
5915
31869
-6900
-7358
-5581
-5162
-17002
17406
2799
-7424
638
-2415
-30982
-25470
17319
-23492
415
-9875
-13757
-32748
9538
-17752
11842
-7226
-14144
2817
20
-30452
1533
13834
4635
32023
27772
-23828
-27670
14065
1523
-323
-4285
10333
-9468
-28412
-1290
1390
-2635
-6334
-28656
-11837
17377
1860
17024
31889
17087
-14993
-16484
-197
5135
2560
-702
-753
6969
-1295
4816
-3114
-3571
-1794
-1375
-16084
16249
248
137
-32639
42
-3892
-32008
-32756
3518
401
-5566
-14525
-32758
-4286
-15411
-10174
-14396
-24130
4861
20
12041
4602
15633
-2021
-12038
18194
32251
28921
-18432
11265
31169
-1985
-13436
32512
9370
9365
9376
2580
-181
0
-17322
17394
-5385
17023
-13198
17095
-15214    <-47
-16686
-651
5141
2304
-2237
878
6976
-1287
4816
703
245
2022
2351
142
0
0
185
-25985
-32220
6623
19200
25
255
10496
-1218
-23485
32635
19522
-13390
-17854
-20028
31678
6397
20
-22775
-2565
17389
-16101
-14931
15414
-13558
-16890
-21490
-29680
31096
26687
-32254
32000
4226
-14203
32511
-28665
-256
0
-7481
17409
-22176
17022
-15923
17103
-15121
-16994
-1013
5148
2304
-673
-1027
6983
-10553
24523
4543
3663
5697
-31697
32512
134
29830
16477
-87
-2415
28410
1843
144
255
32256
1577
-4796
32121
4674
-11257
1602
25541
-9284
8185
20
21258
-2051
18946
-997
-12038
18706
-9959
-13547
-18147
-17889
31169
-1985
25088
32000
4995
4878
4862
4872
-199
0
29430
17418
-9573
17019
-26302
17112
-15017    <-48
-17535
-2023
5155
3071
-1166
1013
6990
-21055
14021
8410
7530
9564
10058
32512    <-49
4729
642
114
10622
66
-2560
-30309
11074
12679
17424
-32315
187
0
0
0
0
0
0
0
0
0
0
0
0
0
0
0
0
0
0
0
0
0
0
0
0
0
0
0
0
0
0
0
0
0
0
0
0
0
0
0
0
0
-16830
-26684
-27526
22813
31056
94
0
30532
17117
-14988
-17706
-2322
39
0
-1206
-517
6994
403
2800
10354
9474
11508
2018
1921
-32600
31018
122
0
-31488
0
0
0
0
-25600
4876
-14780
30478
13634
-7565
24898
-4667
10681
10230
0
-26880
251
21216
-485
-15036
29057
4908
-10711
-20175
17203
-32013
-16460
-32705
-16885
1306
-7030
66
6789
22
17073
22412
17431
25934
17011
28017    <-50
17127
-15036    <-51
-18179
-2663
5156
3070
-1175
-8448
6992
17659
-32315
12192
11330
13573
-24864
-445
-26750
32447
386
-8429
-30070
-29952
-30492
5658
-20224
12610
7071
6980
28351
17474
-5020
9026
6085
6328
8949
-748
15115
251
19934
-2789
-15036
-12415
28978
13359
3640
29754
32275
-24684
-32639
4863
-29481
-1389
-2686
22856
-19853
6006
-7135
17439
31905
17001
28329
17137
-15012
-18392
-2803
5154
3326
947
8840
6989
17653
-32315
13971
13353
15390
15677
-27905
4997
-15424
2303
-31109
19186
-30950
-30204
-14371
-13354
607
9258
14916
26301
-19902
-2217
29762
-22585
15548
9723
-236
-27634
-25858
20722
-10981
-32685
-28145
-15555
-8903
-26047
-188
-31342
-16365
28283
4960
-4864
24853
-7548
-19134
-31704
42
27700
17448
-30712
16997
-32124
17150
-13994    <-52
-16537
-276
5160
4608
332
395
-23469
19103
-12013
17709
16734
18809
19509
1681
25541
-9284
52
-32644
19186
-32230
20468
-14371
-13354
13919
11432
28996
26191
32066
893
30275
11466
20163
11013
276
-25836
-29695
22016
-24805
-18638
-22111
-180
-22456
-10672
-4525
-15098
-17309
6107
-19991
1306
24853
10372
22481
4932
7066
-8848
17456
190
17002
14081
17160
-13584
-14441
2949
5165
5635
526
646
3416
401
-5566
21525
20645
22358
23420
9621
27280
30145
289
19
5255
-32264
19186
12058
5535
12356
13579
11332
29042
-958
3372
13891
-30774
-9524
11537
1300
2071
-30718
22789
-28133
-7387
-17120
19803
-8104
9309
-20125
-32013
-16460
14399
16319
1408
24853
10372
22481
4932
7066
12594
17465
7510
17021
4520
17170
-14267    <-53
-11837
6075
5165
5640
658
1154
7001
12959
-24137
25446
24566
25725
27341
1953
-32600
31018
-957
18
19186
-32230
19186
12058
5535
-2492
15695
4676
-31098
14658
5768
18755
709
-14377
11292
2580
-19181
-31486
22280
27
20913
3602
-24981
6503
30059
-17294
-28635
-16022
18037
31232
-8380
-10351
3906
21905
-17084
28842
25726
17473
-26458
17040
18886
17178
-16059
-9130
8548
5160
3852
744
131
6995
-28513
-22193
29341
28480
29163
31255
1921
-32600
31018
-965
18
19186
-32230
18944
12058
8863
-21248
17776
-32188
-25564
8770
7415
5443
444
7393
8485
3348
-17911
32258
19458
17179
20368
4009
-10118
-14730
-20616
129
0
0
19582
31744
-8380
-10351
3906
21905
-16316
63
31500
17481
3100
17064
23306
17182
-18767    <-54
-6857
10284
5147
782
735
-380
6981
-28511
-22193
-32748
32354
-32706
-30407
-445
-26750
23487
-16516
1104
19186
-32230
19186
12058
16320
-19200
19843
16452
-19522
-28606
7822
-3773
-5968
-3352
5162
3348
-30209
-32254
16380
-16869
20368
9129
-8057
-17275
-18553
17296
-32002
-16489
-29349
-13889
1281
24851
-7548
-19134
16424
63
-29984
17489
-11978
17086
-19186
17181
-21699
-5103
11487
5134
-1268
561
-126
6968
18385
13355
-29373
-29358
-28883
-26583
4764
646
-1277
32237
6781
32721
-32493
19186
12058
16320
9984
21904
31556
-14085
-9918
7155
-19133
-2395
14830
2350
2836
12790
-32254
13053
-4581
11079
-19148
-18284
-27756
-28778
17311
-31829
-16422
-55
9220
17434
28928
3969
21905
-16316
63
-28281
17497
12871
17106
26134
17177
-24536    <-55
-3658
12124
5124
-3318
614
130
6958
18377
13355
-25637
-25581
-25105
-22806
4973
-25726
32745
-929
18
32721
-32493
19186
12058
16320
-2816
23946
68
-9561
-17854
5623
17731
-25446
23796
304
2580
12270
-31998
11264
16155
11079
12596
27043
-9565
16548
17086
-18086
-16261
16507
9220
17434
28928
10369
22481
-16316
55
31872
17505
6542
17122
-25399
17169
-27613
-2292
12545
5120
-5624
549
-2435
43
-2560
2674
-21884
-21828
-21723
3731
4991
-25541
30537
1330
-5101
19186
-32230
19186
12058
5535
-20924
25966
19524
-6213
-3262
3249
3907
-22130
-17415
49
1300
-27928
-31486
11008
-23525
22850
-10297
3761
-1102
-6479
6844
-15098
-17309
26587
-32512
-8380
-10351
3906
21905
-17084
28842
26381
17513
21697
17131
-26359
17159
-30661    <-56
-1023
13149
5121
-5885
529
-883
6956
17654
-32315
-18187
-18078
-18239
-15303
19968
181
30848
170
-32379
5255
-2056
19186
12058
5535
25924
28013
-21692
-4873
6210
739
10307
12675
28158
821
20
-26901
-29951
12030
-6629
-15036
19329
-18240
6080
-28736
-32309
-22521
10880
-6535
25073
-26556
-7029
-13758
15891
7700
6168
-32561
17521
-5301
17131
-29559
17149
31761
-1027
14041
5115
-4357
2238
-31279
6949
17630
-32315
-14536
-14410
-14853
-11917
4608
20282
1455
236
6788
32721
-32493
5888
6057
645
12288
29984
20036
-8847
-28862
-2372
-20158
-15764
16112
-5578
-7149
-16654
-24570
5256
-12773
-15036
26753
-27955
-9779
-27444
17367
-32290
-16413
-8059
-32000
-3337
-2230
20940
23366
-14871
41
20047
17527
11434
17090
29907
17137
24366    <-57
-6692
12744
5094
-2866
1593
-31433
6928
17596
-32315
-11141
-11218
-11267
-8638
4683
20282
1455
216
6785
68
22897
16910
-7175
18162
3677
30578
-12476
-24100
8002
-4954
31042
9555
16603
-6616
-18413
-30219
-27130
4484
-19941
-15036
-25471
20443
7899
21211
20197
-29678
-32510
-25349
5138
2304
-7029
-13758
15891
-3564
23878
-32216
17525
-30937
17029
2461
17128
19051
-12204
6860
5092
-2397
1646
-31338
6927
17628
-32315
-7491
-7568
-7617
-5022
4833
2244
-32082
-144
6753
-29947
17124
-12548
-12847
18162
26717
29196
-8636
27152
28482
-7131
14914
31813
23493
-8951
-29421
25591
22022
2181
4123
-20728
-10739
30953
22505
1513
755
-15342
-20984
-29310
5138
2304
-7029
-13758
15891
-2284
23657
2571
17518
-19835
16997
-8934
17120
17228    <-58
198
-25985
5080
-1666
-478
-14525
6914
17614
-32315
-4349
-4459
-4017
-1555
4608
20282
31248
174
6790
32767
23576
17124
-256
9153
-19644
27141
-7868
26038
23362
-8529
20546
-31167
-5442
-9218
-32237
13053
23551
1348
-17125
-15036
12929
-15118
22513
-2313
-32752
10256
10880
-11149
-32256
1306
-7029
127
25600
-32380
40
-503
17509
-27036
16997
-2714
17117
16405
-16496
475
5086
130
-782
4372
6921
22249
-3396
-2237
-1986
-642
1771
22338
-32315
6587
9194
-236
32523
17124
0
-27292
6174
-18920
25072
20548
25975
-24510
-8687
29250
7231
-31040
-7936
-32237
17664
7162
3522
0
15913
-4869
21758
-27137
260
17166
-32018
-16445
-15576
-15330
26
-7029
3394
-12467
19366
-29014
-8293
17501
28566
16997
-25908
17118
16162    <-59
-16405
-36
5093
385
-2512
15953
16
-14592
482
1411
1515
2993
5405
-3261
-19326
16319
-32630
-32759
-28193
17111
-28401
9045
7703
28228
22990
-11964
25846
-13502
-8380
-4542
7230
30144
-7680
-32237
8193
21240
3420
-8165
-7481
-19967
6664
8969
-28913
17112
-15017
-17535
27772
4867
-30235
-1324
-2686
-437
-11863
5037
-16293
17493
32540
16995
-4508
17119
16060
-16306
271
5088
387
-2038
23633
6923
-14394
482
3041
3145
4690
-14914
-11197
7042
-32576
368
-8429
-16758
-32006
19189
2074
-21039
25875
20917
-6076
24840
30530
-8041
-29630
-32706
-23104
-8959
-31981
-2303
20727
2140
-21477
-7481
4097
30735
-32497
-4843
11294
32275
-24684
-32639
-31745
-29733
-1368
-2686
22856
-19853
6006
-21111
17485
-27405
16989
16393
17121
15964    <-60
-16207
568
5083
388
-2076
23631
6918
-14446
482
4671
4775
6320
8732
-11197
7042
-32576
134
-10368
-27764
-32006
18677
3161
30386
-15337
18856
3908
22820
6722
-7704
11586
-7618
-13888
-9982
-31469
-12543
20471
1116
30747
-7481
28161
-10731
-8427
19227
17189
-31829
-16422
-32055
4869
-29728
-567
-15441
6733
22
17073
-22765
17477
-18699
16979
-28758
17122
15872
-16109
854
5080
389
-2119
23630
6914
17502
-32315
6300
6405
7950
10362
-21693
-9597
-13889
1406
-8173
-13941
-20483
19907
5658
-20224
30018
16808
27204
19790
-32190
-7370
-10942
17213
-7743
-10749
-31213
-23551
20215
348
17691
-15036
-13439
13339
15388
-22238
17195
-31829
-16422
32201
4869
-29728
-567
-15441
6733
22
17073
-21272
17469
-5335
16965
-9002
17123
15787    <-61
-16013
1128
5077
390
-2161
23629
6911
17452
-32315
7930
8034
9579
11991
4813
652
-1151
-25590
6667
32766
22131
-16611
-16362
1
-25600
14764
15684
16496
23106
-6887
27458
-20163
-21568
-10239
-31981
-9980
30977
909
-5093
-15036
-12671
5669
18982
-10453
25140
-31342
-16365
-22405
-27648
24853
-7029
-17854
-7378
-31442
22
-22716
17461
3192
16960
21041
17127
15532
-16440
26
5083
1666
-925
6987
6918
17661
-32315
11251
11404
12868
15297
19968
181
30592
715
17502
-29774
17124
5066
5182
6174
-18920
12706
8516
16414
4418
-5484
-16318
24122
24511
-8703
32275
-27638
22526
2309
-4837
-15036
897
-25293
21555
-11975
66
-19122
-32768
-11145
-31232
-7142
-13758
15891
6990
-21055
14021
-24024
17453
15478
16960
-29740
17135
14394    <-62
-16721
795
5089
3966
-329
1357
6924
17630
-32315
14640
15026
16490
18802
19968
181
30848
239
-31098
17124
5066
-31170
17495
10944
17408
10667
15172
16461
8770
-2416
25410
20277
18878
-7420
32531
-15852
17918
3586
-12005
-15036
19073
-12992
-31423
-29369
3920
-22521
10880
-135
-31488
-7032
-13758
15891
22408
-16316
42
-15536
17445
19539
16960
-16547
17151
12995
-16812
1157
5094
6530
-460
-1225
6929
17625
-32315
18281
18668
20132
22444
1793
-32600
31018
255
-30588
17124
5066
-30658
17495
10944
-24064
8685
-30396
16445
31810
1401
2883
-22736
-10306
-5885
-32237
30751
14078
5369
-11749
-15036
-29055
4174
-14256
-12203
16222
-19122
-32768
-136
25337
-21180
-13758
15891
22406
-16316
42
11684
17438
12799
16960
2870
17164
11729    <-63
-16663
836
5100
9090
-656
-1480
6934
17636
-32315
21943
22329
23793
26106
19970
181
30848
-1537
-31612
17069
5066
-31682
17495
10944
-24064
6787
-6332
16430
-6334
4979
30019
-1749
14782
-4605
-32493
-1752
16893
6402
-9957
-15036
-6783
26716
8286
10340
-32659
10256
10880
-1928
-31488
-21116
-13758
15891
22404
-16316
42
-3512
17430
13125
16960
-21276
17179
10656
-16672
17326
4924
11394
-1090
63
6940
17640
-32315
25625
26012
27476
29788
28416
-32604
30762
238
-31359
17069
5066
-31682
17495
10944
-3072
4980
16964
16430
-22206
9347
-3261
-1241
31934
-3069
-32237
24111
15101
8185
-6629
-15036
21377
-10901
-29332
-27278
9851
-23441
10880
-10888
-31488
-21116
-13758
15891
22404
-16316
42
3770
17424
10750
16960
-965
17197
9753    <-64
-16622
845
5111
13185
-788
63
6946
22249
-3396
29330
29716
31180
-32044
28423
-32604
30762
209
-31869
17069
5066
-31938
17495
10944
1024
3268
-24764
16430
-13246
14367
-5309
-2781
-3394
-1533
32275
-9161
17917
9481
-9445
-17322
17394
22905
4475
6529
18826
-23441
10880
-7560
-31495
-21116
-13758
15891
22404
-16316
42
-26271
17417
14025
16960
-2857
17218
8744
-16699
1284
5117
15234
-1016
577
6952
22250
-3396
-32480
-32093
-30630
-28317
28466
-32604
30762
241
-31358
17069
5066
-31426
17495
10944
-32000
1674
13636
16434
-12734
20057
22595
-8928
-11842
4
-32236
1086
14845
11253
-8165
-7481
28417
-3448
-21879
-19825
28312
-23441
10880
-7048
25375
-8892
-13758
15891
22404
-16316
42
-26576
17411
10222
16960
18232
17242
7921    <-65
-16617
1003
5123
16770
-1187
-6350
46
22016
-3396
-28732
-28345
-26881
-24569
28474
-32604
30762
210
-31871
17069
5066
-31938
17495
19265
16051
190
-11964
16414
14914
26275
-32445
18717
1983
1539
-32236
9028
15356
12792
-5605
-17322
8178
-23913
23192
25246
28583
-23441
10880
-16008
25320
13892
-13758
15891
6990
-21055
14021
-1929
17403
7911
16960
26635
17267
7254
-16569
814
5129
18047
-1248
2115
6964
22263
-3396
-24960
-24574
-23110
-20798
28444
-32604
30762
20669
17506
17058
5066
20030
-16101
-14931
-23754
-2395
15939
16421
-15038
-32697
-9405
8218
12223
3076
32276
13641
17916
14094
-6373
-17322
-6414
27045
8615
10669
32182
-23441
10880
-15752
-32256
-23933
-13758
15891
6990
-21055
14021
-30255
17393
11068
16960
3802
17287
6545    <-66
-16645
1342
5135
19585
-959
1602
6970
22263
-3396
-21166
-20779
-19315
-17003
28419
-32604
30762
203
-31613
17069
5066
-31938
17495
19265
-8269
-4949
-19133
16429
-18110
-29174
-13245
-5865
1214
4614
-32492
11855
16636
15618
-7653
-17322
-15118
18356
-74
1979
2552
-30445
19202
-10888
-32256
-21116
-13758
15891
22404
16708
-19637
3679
17384
10848
16960
14768
17301
5779
-16646
1499
5141
21122
-1142
-4551
6976
17654
-32315
-17348
-16962
-15498
-13186
4899
649
30795
213
-31614
17069
5066
-31938
17495
19265
7347
-7254
11587
16419
-4542
-25453
5187
7957
3775
6149
-32236
-18860
15355
17396
-6373
-17322
-17934
15555
-3131
-822
2515
-30445
19202
-14216
-32256
-23933
-13758
15891
6990
-21055
14021
32314
17375
7913
16960
5744
17316
5144    <-67
-16587
1170
5147
22146
-1740
-6088
70
22016
-3396
-13508
-13121
-11657
-9345
28543
-32604
30762
20669
17535
17058
5066
20030
-16101
-14931
24886
-9353
-26301
16408
-11454
-21580
24387
22035
-28481
7939
-32236
17496
15098
19182
0
-7481
-15103
18642
212
2266
17123
-23441
10880
-22152
25073
-26556
-7029
-13758
-12467
19366
-29014
-27943
17367
5714
16960
27802
17331
4757
-16544
839
5154
22914
-1979
319
6989
-14348
482
-9644
-9257
-7793
-5481
28543
-32604
30762
5024
6849
-29946
17124
19914
-22833
-21941
-19314
-11319
-11453
16405
-28862
-17607
11075
25106
16831
9475
-32236
-28582
15350
20719
-1253
-15036
-5759
27873
9443
11497
26354
-23441
10880
-25480
-32768
1562
-7029
-13758
-12467
19366
-29014
6483
17360
10560
16960
6660
17347
4424    <-68
-16603
713
5160
23678
-310
-20404
6995
-14348
482
-5812
-5369
-3905
-1612
28434
-32604
30762
158
32644
23576
17124
-32512
5658
512
13056
-13160
26435
17246
-20926
-13547
-24509
14866
-13636
10449
30228
17503
12291
21648
-8677
-15036
-24447
23278
242
-9994
32767
-23441
10880
-17544
-32512
1306
24853
10372
22481
4932
7066
-26696
17353
-7233
16971
14128
17363
5818
-18888
-18830
5161
25453
826
-27610
6996
17645
-32315
-3103
-1543
-704
1913
28463
-32604
30762
-32040
17503
-28193
17111
5066
5182
6174
-6632
-14545
5699
22383
17986
-9350
9539
27164
-25934
10404
25876
4966
9218
21396
-6373
-17322
16114
-26118
-8191
6148
32527
-23441
10880
-7816
-32768
1562
-7029
-13758
21905
-17084
28842
21773
17349
17610
16996
-10111
17379
8621    <-69
-20678
-25827
5160
26975
384
-28641
6995
17654
-32315
477
2360
3199
5814
1921
-32599
30762
201
6784
-29946
17124
-28214
17493
-21827
-30352
-15385
-24253
29074
26434
-5049
-10173
-27610
7852
10133
22804
-4245
5632
21137
-2277
-17322
31474
-10999
7184
21268
-32482
-22521
10880
-24711
4871
-30730
2431
-13758
21905
-17084
28842
-11513
17346
-11236
17022
-16506
17396
11166
-21970
-28315
5156
27988
130
-29682
6992
17662
-32315
4372
6254
7094
9709
-21693
-9597
31935
1924
-2541
32647
17124
-28214
17493
-21827
28016
-15869
-14781
-31240
-31934
-711
2883
-464
679
8591
20244
-32658
7424
19596
-24805
-16134
-22344
792
18976
-32477
14637
-31362
32512
139
-32630
-30848
-2028
-3337
6730
-16337
63
28116
17345
21751
17036
-9826
17410
13302    <-70
-23116
-29713
5150
28747
50
-23028
6985
17598
-32315
8246
10129
10968
13583
19968
181
-32384
31864
17504
30213
17110
13641
17494
16320
-19712
-16117
2115
-28093
-11966
1814
28484
30519
-15965
7047
18196
4721
2816
17844
283
-15036
-17023
6183
24367
-27086
12348
-32044
-16357
-6784
-11127
-30848
-2028
-3337
6730
-16337
63
-13739
17344
-27501
17047
21391
17419
14949
-22570
-31721
5142
29511
-104
-18691
6974
32305
24029
11117
13018
14042
16639
-21693
-9597
-13889
140
-31359
-30464
16896
0
12132
5440
-26112
-16208
-23485
-25519
-31934
3983
21060
833
25754
4993
15892
14197
-8704
14755
-7397
-14979
-12671
-26576
-3784
15164
54
30802
10968
-29313
-13889
1025
-30484
-1290
22146
-16316
53
19439
17345
-330
17055
-13856
17427
16452    <-71
24663
-30417
5132
28694
194
5431
6962
32257
24029
14084
15969
16936
19333
20996
-10120
-32503
4752
20
9
9
9
-13047
18162
349
-15517
-28349
-23900
-9150
6113
17220
-11199
-22691
1683
1812
27747
15618
12026
17435
-8834
1885
-30914
20037
21065
82
30802
2520
-25214
-32512
2330
-2028
-3337
2378
-15320
63
-7157
17350
17611
17060
-18735
17435
17146
24030
-25235
5122
21762
531
-196
6955
32427
24029
17703
19676
20644
22951
28444
-32604
-32470
160
6785
68
-2056
19186
12058
16320
-18176
-13394
-32701
-23299
31298
7978
-28604
-8123
-26532
-90
19
-27833
14850
10484
-23525
-8834
25949
11340
-2988
-2217
21856
-32044
-16357
-27264
-32000
-3337
-1974
-3337
6730
-16337
63
-26129
17361
-12922
17060
8611
17442
18645    <-72
23628
-20690
5116
14591
624
-1477
6948
32409
24029
21405
23395
24381
26688
-11194
7042
-32576
142
6785
68
-2056
19186
12058
16320
29184
-10125
-26301
-23630
10050
9349
-15292
-15540
-2469
-1610
-493
25386
14850
8685
28443
-8834
-12451
-22694
-32414
-31642
111
-19122
-32768
-28544
-31488
2330
-2028
-3337
6730
-16337
63
211
17376
-23913
17057
17349
17446
20905
23260
-16955
5111
7421
556
-7365
6941
32224
-32315
25065
27108
28093
30400
19968
181
-32640
151
6790
5129
-2056
19186
10249
16320
17408
-6142
-31165
-24961
20546
10065
12100
11351
-15526
-2877
-1005
-498
14849
6120
17691
-14979
-10367
1384
-4239
-3212
17277
-32044
-16357
-24192
-32000
-3337
2378
2304
6656
-16337
63
13261
17392
11912
17050
-22373
17447
23597    <-73
23163
-14009
5106
250
-23
-1725
6934
32097
-32315
28538
30717
31719
-31459
-11091
7042
-32576
-2649
17498
1063
17124
19186
12058
15680
-20992
-1957
-10941
-27437
-15806
10148
16452
19036
27994
-2871
-1773
5120
-8199
6639
-13285
-14979
-639
7027
-7812
23681
54
32638
32512
-25217
137
137
137
66
-22249
16407
21
15986
17408
-9755
17038
-24979
17447
23506
23023
-14017
5108
249
-1702
-3355
6938
32267
24029
30560
4937
-31426
-29302
-445
-26750
32447
386
-30957
-30204
17124
0
-9884
5568
17152
1101
-1468
-30668
5698
10132
-27836
28762
11096
-2101
-2029
-32257
1282
8189
30235
-8834
-26787
-20098
-636
-25464
7058
32638
32512
30847
-32512
1306
16004
22406
22147
-16316
63
22888
17416
-17233
17024
27099
17447
22586    <-74
21712
-12357
5114
-777
305
-3586
6946
32393
24029
-31274
-29712
-28612
-26305
32256
127
32639
-629
6714
-32575
68
-32399
17423
16320
-29184
3170
-24764
29051
-17854
10004
26436
4438
-8622
-301
-2285
26361
513
10238
-15077
-8834
7261
13965
-32109
-28521
17311
-31829
-16422
-25655
25087
1306
-7029
-958
3969
-16316
63
26685
17424
-11421
16992
-29000
17446
21620
20366
-10013
5122
-2570
393
0
6956
17491
-32315
-27541
-25979
-24880
-23028
-21636
-9597
-13889
-16482
457
-32764
68
-32399
-9884
8128
1280
5224
580
20454
22082
9674
-28348
-19374
-15540
2014
-2540
19695
514
13050
-485
-15036
-15231
-8549
10913
23462
11948
-32237
32462
-21506
25088
12868
-10545
10306
3969
-16316
43
25797
17432
6167
16960
-15698
17444
20781    <-75
18875
-6755
5134
-5129
555
1
6968
28306
2564
-23767
-22205
-21105
214
5009
-31999
31090
-16475
457
-32764
68
-32655
17498
-30599
-18473
7269
7236
13143
-31678
9096
-16316
10319
-4025
5100
-1516
-22296
-510
16124
-10981
-32685
-26097
-19030
176
-27979
-28231
275
29315
31350
-16680
26
-7029
-13758
21905
-17084
28842
28017
17440
-25558
16938
12179
17442
20036
17494
-2956
5144
-6148
638
1790
6979
-1377
-18240
-19946
-18384
-17285
-16353
5033
-31999
30322
84
32638
-32493
19186
-28214
17493
-21827
6512
9344
-20156
9785
26946
8404
26436
-16564
-23231
7419
-236
-1048
-3071
18180
-28133
-7387
-26336
-19527
-65
-5693
17350
-28635
-16022
15221
5061
-768
-7029
15426
-342
-11863
5037
-23440
17448
28609
16933
-24009
17439
18899    <-76
16333
116
5150
-4864
-397
2760
6985
9502
8419
-16131
-14532
-13432
-12723
5089
-31999
31090
15
-32647
5255
-2056
-32759
12058
5535
26692
11484
-19900
9602
-11966
7859
32324
-23481
19776
8703
20
-24591
-24066
19462
-24668
27905
-29735
-13368
23502
-9006
-17451
-18873
-16045
481
31840
1152
1154
-30484
6730
-24785
34
8668
17457
-25502
16933
-647
17437
17820
16709
-530
5155
-2816
-814
942
6990
-32739
0
-12257
-10733
-10026
-8849
5009
-31999
31090
2
32637
-31203
-31459
32541
12061
5535
-12988
13677
-9404
9627
32578
7538
28484
17476
-10175
8957
20
18680
-7173
19961
28955
23168
-19968
-22825
27101
736
17381
-32002
-16489
9086
-16680
7450
7558
7557
7551
-24785
17429
-17450
17465
-29568
16933
22
17437
17360    <-77
16519
-204
5153
-1792
168
6909
6988
-1377
0
-8380
-6856
-6149
-4972
4833
2244
-32082
-16552
457
-32764
-31676
-11992
17495
8833
3584
15844
30532
13411
-3262
7323
-7612
-1212
21575
2318
3860
-6662
2304
13172
1307
250
-27392
-30234
16876
-9745
17395
-32290
-16413
31371
4852
-30997
319
2816
25600
-31420
2
-18785
17473
-2123
16975
16482
17436
17702
18754
4082
5119
-1519
-2202
1945
6954
-1527
0
-4785
-3260
-2476
-1297
-8637
-7295
29631
24448
6786
-30177
17124
5888
6057
4
7424
17786
29508
27625
-6846
7141
32324
-31675
-21687
-2799
4627
-18182
4090
8236
539
250
-23296
-30733
-19719
25596
17099
-15174
4273
32380
2432
-8320
-10351
3906
21905
1315
40
9808
17481
-22142
17028
-28848
17435
17760    <-78
18757
4394
5100
-1518
-1518
-21394
6935
21461
0
-1365
173
1000
2201
-480
-26750
32447
5497
20
-32759
17124
19725
-22833
-21941
2446
19657
23108
-27841
-27326
6958
22084
-5562
29000
-7152
4627
8952
16125
4089
0
199
-11776
-11519
3591
-16885
15
-19122
-32768
-28031
24700
1348
-10634
16002
22403
16708
-19637
24627
17488
-23483
17057
-22505
17434
18618
18512
4367
5082
-3054
-336
1851
6918
17640
0
2275
3816
4643
5843
19968
181
-32128
210
-31610
-29952
17124
-22003
17497
-29011
-19684
21478
-18364
-20541
28226
6633
-31676
-9653
4167
-11759
4627
-27409
17918
-517
-7398
20095
-6911
-4849
10005
-10215
9757
-23441
10880
-127
25337
-7033
15426
-342
22919
-21180
7310
23111
17495
-26855
17085
-4989
17432
19969    <-79
18333
4182
5068
-5614
-456
83
6905
32741
2847
5854
7397
8224
9424
19968
181
31616
255
-30586
17124
5066
-30402
17495
10944
13568
23226
-2236
-13551
-16830
6068
-30908
-11696
-2745
-14578
4627
-17436
22782
-3068
-10214
-4225
-13036
-11235
3875
-16345
43
275
29315
-138
-31232
2439
-13758
21905
2439
-16316
42
50
17502
9809
17112
15493
17430
21325
18425
3492
5058
-8686
-288
82
6895
32726
7871
9395
10938
11765
12966
4864
-31999
30322
255
-31098
9
9
-30967
17417
10944
19456
24870
-28604
-6975
-19134
5249
18500
-8874
-21945
-17140
4627
728
19967
-5381
-10982
-28801
-28632
-26581
-11727
-31948
57
-19122
-32768
-136
-30983
2439
2370
2304
2439
-16316
42
10192
17508
-13092
17136
-31321
17426
22874    <-80
18342
3021
5048
-11758
-244
-946
6886
32725
12895
12900
14444
15271
16471
19968
181
31360
255
-30586
17124
5066
-30658
17417
10944
-25088
26368
2372
-974
4674
4171
26692
-28324
-12729
-19446
4627
3532
21247
-7680
-10982
12159
12604
14649
29503
9282
71
-22521
10880
-135
-31232
-7032
-13758
15891
22409
-16316
42
-21321
17513
28716
17155
-10910
17421
24432
18343
2479
5040
-15086
-237
1108
6878
32725
17920
16374
17918
18745
19945
1792
-32600
31018
255
-30586
17124
5066
-30658
17495
10944
6912
27688
-25788
2149
1603
2856
31300
-15518
-26553
-21240
4627
4799
21503
-9470
-10726
-12161
-19121
-17082
-1972
-22449
84
-19122
-32768
-136
-30983
-7033
-13758
15891
22408
-16316
42
28466
17518
-3206
17164
18240
17416
25996    <-81
18377
1948
5034
-18158
-239
-175
6872
32727
22944
19822
21366
22193
23393
1792
-32600
31018
255
-30842
17124
5066
-30658
17495
10944
-768
28798
-25020
4371
-30653
1335
-23996
-17304
-19385
-22778
4627
4530
20991
-10498
-10470
-8833
9053
11092
25946
5725
98
-22521
10880
-135
-31232
-7032
-13758
15891
22408
-16316
42
21746
17522
-16387
17172
-581
17409
27576
18352
1486
5029
-21486
-239
81
6868
32727
24029
23251
24795
25622
26822
1792
-32600
31018
255
-30586
17124
5066
-30658
17495
10944
-10240
29678
-20668
6131
11843
-707
-12989
-19858
-6841
-23548
4627
4518
21247
-11519
-10470
-8833
-32419
-30367
-15257
29802
111
-22521
10880
-135
-31232
-7032
-13758
15891
22408
-16316
42
19059
17525
-21877
17178
15856
17398
29153    <-82
18363
1022
5027
-24814
-240
338
6866
32728
24029
26670
28213
29040
30240
1792
-32600
31018
255
-30586
17124
5066
-30658
17495
10944
-11008
30309
5700
7393
-13757
-4345
-2493
-15500
7495
-23805
4627
4249
21247
-11776
-10214
-8833
-9891
-7826
7284
-13192
124
-22521
10880
-135
-31232
-7032
-13758
15891
22408
-16316
42
16236
17527
-27549
17182
-23303
17383
30732
18371
576
5028
-27886
-240
81
6867
32728
24029
30085
31629
32456
-31880
1792
-32600
31018
255
-30586
17124
5066
-30658
17495
10944
5120
30678
-444
8129
-4797
-8161
9027
-16261
26183
-23295
4627
3980
20991
-11264
-10470
-8833
13149
15228
30082
9861
138
-22521
10880
-135
-31232
-7032
-13758
15891
22408
-16316
42
10464
17528
26566
17184
-31947
17368
32313    <-83
18367
141
5031
-31214
-241
82
6870
32727
24029
-32029
-30485
-29658
-28458
1792
-32600
31018
255
-30586
17124
5066
-30658
17495
10944
13824
30775
30020
8324
29763
-12071
20291
-15999
-19129
-21761
-27373
3972
21247
-10240
-10470
-8833
-26531
-24695
-9585
-30062
151
-22521
10880
-135
-31232
-7032
-13758
15891
22408
-16316
42
244
17528
5749
17184
11617
17353
-31648
18398
-294
5037
-30059
-270
4689
6875
17618
-32315
-28697
-27047
-26220
-25020
1849
-32600
31018
255
-30331
17124
5066
-30658
17495
10944
-23552
30603
-18108
7968
-17085
-15993
-10685
26758
9288
-19970
-27373
14479
21246
-8420
-6886
-8833
-22691
6550
21661
1184
165
-19122
-32768
-648
-31744
12935
-10545
10306
22408
-16316
42
-8742
17526
-18153
17181
-4646
17337
-30361    <-84
18564
-606
5046
-27501
-356
-6073
6883
22242
-3396
-25233
-23583
-22757
-21556
20029
181
30848
239
32645
17161
28407
16387
-1765
10944
-28672
30191
-5820
7212
-16573
-19867
-16061
15243
-7865
-17411
-28653
-9575
22015
-5965
-5094
-15036
16513
-31836
-4950
20397
178
-22521
10880
-7559
-31744
-12006
-2176
878
6976
-16135
42
-14731
17524
-25546
17178
-2922
17322
-29123
17859
-545
5056
-24946
43
-18360
6893
17633
-32315
-21735
-20179
-19259
-18293
1792
-32600
31018
24796
17502
-18644
17112
16398
-1765
10944
-25856
29533
-4028
6444
-19389
-23645
-8893
13200
9540
-15106
-30189
24739
19200
-3662
-9702
-15036
-1407
8881
-22857
-24389
1982
-23441
10880
-5767
-31488
2431
-2237
878
6976
-16135
42
-20163
17521
12029
17176
32093
17308
-27768    <-85
16774
-246
5064
-22395
573
-24517
6900
17625
-32315
-18205
-17077
-15729
-15174
32283
127
31103
250
32645
17161
28407
16387
-1765
10944
23296
28617
-14524
6149
5699
-27256
-14013
-21355
13119
-13568
-32237
-24148
16125
-2280
-9190
-15036
24961
-30018
32195
-5943
4810
-23441
10880
-903
-31744
-11902
-2176
878
6976
-16135
42
-20400
17517
1917
17176
-14064
17294
-26586
16227
-81
5070
-20098
-380
-8628
6906
-14371
482
-15020
-13699
-12176
-11813
20021
181
30848
244
-32124
17105
5066
20030
-16101
10944
-2048
27491
324
6159
-25021
-30650
-28349
-18790
12350
-12033
32275
-28746
18942
-791
-9446
-17322
-17678
30155
26833
-31785
216
-23441
10880
-3720
-31232
134
-13758
15891
22405
16452
42
-7318
17512
4834
17176
3063
17282
-25279    <-86
15965
-296
5075
-17535
-477
-1214
6911
32723
24029
-11609
-10126
-8602
-8320
20043
181
30848
253
-30588
17124
-21956
-30722
17497
10944
3840
26161
12100
6161
-24765
30781
-30397
-31329
-8642
-10498
-32237
1984
14078
530
-8421
-8833
-21923
30169
26847
-32027
1254
-19122
-32768
-392
25337
-7033
15426
-342
22919
-16316
42
21105
17507
3211
17176
-742
17260
-24093
16111
-220
5081
-15230
-660
4916
6916
17625
-32315
-8015
-6532
-5009
-4726
28543
-32604
30762
249
-31613
17069
5066
-31682
17495
10944
28416
24654
-12220
6152
67
25162
21315
17827
26431
-8961
-32237
12231
11515
2077
-4837
-15036
-16767
-30233
31981
-26637
32756
-23441
10880
-7560
32761
-23933
-13758
15891
6990
-21055
14021
13271
17501
1417
17176
-5503
17239
-23503    <-87
16273
-82
5087
-13950
-1204
3637
6923
17662
-32315
-4399
-2916
-1393
-1110
28419
-32604
30762
-3660
17505
-29800
17124
19914
-22833
-21941
-5234
23043
9796
6150
29251
19935
-18621
-31835
-25025
-7169
32275
6348
19452
3823
-6117
-15036
-5503
-18955
-22021
-15615
32514
-23441
10880
-22920
-32512
-8380
-10351
-13758
-12467
19366
-29014
-17192
17494
2393
17176
14244
17220
-22854
16186
-177
5094
-12674
-1624
-4787
6929
17651
-32315
-760
724
2247
2530
28528
-32604
30762
184
-31872
17069
5066
-31938
17495
19265
18099
21348
-28348
6153
17731
15066
-13501
13735
18239
-5633
-32237
24016
15612
5123
-2277
-17322
12018
-1788
-5111
1551
3345
-23441
10880
-17288
-31744
-21117
-13758
15891
22403
16708
-19637
-2482
17487
2318
17176
-7136
17201
-22194    <-88
16193
-180
5100
-11390
-1281
573
6935
22250
-3396
2904
4387
5910
-10191
22338
-32315
30907
196
-31871
17069
5066
20030
-16101
-14931
-970
19571
17988
6152
20803
10581
21059
21418
23615
-4097
-32237
25557
15099
6661
0
-7481
-30719
21266
17944
24862
8223
-15017
-17535
-15240
25088
-23996
-13758
15891
6990
-21055
14021
-8342
17480
2009
17176
10374
17185
-21593
16221
-158
5107
-10111
-1323
64
6941
17643
-32315
6590
8073
9596
9879
28543
-32604
30762
20669
17537
17058
5066
20030
-16101
-14931
-30922
17721
-10684
6151
-4285
6492
-27837
23980
24127
-2305
-32493
-7462
16122
8192
-1253
-15036
-1407
-15072
-18394
-11732
7213
-23441
10880
-18824
25088
-23996
-13758
15891
6990
-21055
14021
-31889
17473
2086
17176
-3724
17169
-21018    <-89
16214
-176
5113
-9090
-1101
-956
6948
17648
-32315
10299
11782
13306
13588
28481
-32604
30762
182
17506
17058
5066
20030
-16101
-14931
-1994
15801
21828
6154
-19389
2826
-23741
9391
1599
-769
32275
-18976
18941
10232
-4581
-7481
-31999
20015
16693
23355
60
-23441
10880
-13448
-31232
-21117
-13758
15891
22403
16708
-19637
-10057
17465
3787
17176
-6807
17156
-19946
16062
-410
5119
-6786
-361
-1973
6953
17636
-32315
14032
15514
17038
17320
1792
-32600
31018
243
-31098
17124
5066
-31426
8474
32023
9596
13790
-7356
6162
3139
-143
-6846
24500
-18626
509
32532
-13846
17918
11517
-12261
-23998
21623
-5058
-8381
-1463
74
-22521
10880
-135
-31232
-7032
-13758
15891
22919
-16316
42
-13111
17457
5121
17176
18695
17143
-18478    <-90
15940
-677
5124
-3966
-432
317
6958
17098
30626
17783
19266
20790
21072
1904
-32600
31018
255
-30588
17124
5066
-30658
17495
10944
-3328
11689
20548
6160
-17085
-3791
-15038
-26695
-16322
1789
-32236
-10764
8700
12552
-7653
-17322
-11278
-25012
-28334
-21672
32601
-19122
-32768
-136
-32519
-21180
-13758
15891
22406
-16316
42
31902
17449
2145
17176
30482
17132
-17609
16205
-271
5129
-2174
-650
1317
6964
17644
-32315
21556
23039
24562
24844
4910
-12670
30846
229
-31869
17069
5066
20030
-16101
10944
12800
9543
-24764
6148
27715
-5899
-25534
-23620
-31425
3583
-32236
28154
15610
14080
-5093
-15036
-25983
25947
22625
29543
-31896
-15017
-17535
-15240
-16128
1562
-7029
-13758
6976
-1287
4816
3037
17441
1290
17176
19051
17126
-17145    <-91
16282
-142
5136
-1153
-4263
-1955
12602
17424
-32315
25351
26834
28357
28639
20095
181
30848
163
6782
-29946
17124
16586
-1765
-12038
19474
7372
-22460
6199
32323
-7220
3650
-18499
12095
4865
32276
-7685
1013
15828
-28389
-9489
30987
-19862
-13713
-6795
32630
-19122
-32768
32632
4871
-30730
-1225
15426
-342
-11863
5037
-30161
17432
32355
17176
23134
17121
-17132
16311
296
5141
-1154
-2442
11900
6976
-4207
3034
29169
30506
32066
92
4994
-31102
-920
-30864
-31232
-32512
16905
-28401
17493
-21827
26224
5191
31300
6315
-3517
-8469
6466
-2883
5695
5120
32276
14331
32250
15969
-485
-15036
17537
32373
24442
26497
17282
-32025
-16428
255
4871
-30235
-1324
-2686
6787
22
17073
1966
17424
-26306
17176
32548
17116
-17125    <-92
16443
-264
5137
-1150
-1505
25213
12603
17424
-32315
30835
32172
-31602
-31338
-21693
-9597
-13889
1410
-8429
-16758
-32006
19189
2074
-21039
5651
3019
10820
6215
8259
-9708
6978
-32067
-7104
3837
-31980
-5637
32249
14691
-28133
834
-23970
-9349
-17024
-14969
-15992
-23441
10880
-31615
32000
-29733
-1368
-2686
22856
-19853
6006
-29420
17415
1422
17176
31204
17111
-17289
16341
182
5137
-1410
-793
-13388
6971
-11886
9824
-32256
-30900
-29228
-29019
-3261
29063
2496
32629
-32728
-28281
17111
-28401
9045
10245
5632
848
24900
6151
-30653
-11268
-22718
23738
3648
5121
32532
26870
-8194
15903
-28656
-11837
20961
-20600
18573
6549
-30058
13331
-30078
-514
31448
-1912
-26896
-12467
21905
-17084
28842
11077
17406
3293
17176
3292
17103
-18103    <-93
16668
472
5143
-3202
-1247
2011
6977
-28513
-22193
-28725
-27351
-25443
-25197
-21693
-9597
30143
2064
-237
-31604
-16129
29185
31166
32023
24188
-2632
-1981
6155
4931
-14031
29506
3000
-17855
6657
-32236
-21518
-22533
17910
4123
-20728
19213
-22377
7324
5028
-9819
-19122
-32768
10871
-19211
5914
-7030
-1214
-25978
-3194
22665
18439
17389
1672
17176
-31006
17090
-18592
16520
228
5149
-3966
-1170
-3168
6984
17042
-2443
-24880
-23506
-21598
-21352
5009
-31999
31090
2130
-237
-3956
19862
-28209
17493
-21827
-15760
-6950
-7101
6155
-16317
-17642
-15550
23478
-8128
8192
32276
26606
-8200
19449
-24805
-16134
23736
-18010
11947
9395
-28236
275
29315
25465
-31888
8986
-7029
-13758
15891
7700
6168
27917
17372
13668
17176
13078
17075
-18834    <-94
16635
679
5154
-4482
-1200
4345
6990
17060
-14503
-21310
-20162
-18047
-17614
22403
-32315
30907
1901
6833
-29938
19940
-28209
17493
-21827
-9872
-11267
11587
6254
16451
-21742
7490
10422
-7103
9474
32276
-19987
-17418
20949
-17125
-702
21473
-10828
6072
-14143
-32062
-15017
-17535
29048
-31888
8986
-7029
-13758
15891
7700
6168
-29626
17355
-14242
17176
-20970
17058
-18987
16805
1014
5160
-4738
-1161
5626
83
0
0
-17533
-16271
-14157
-1436
4900
391
30791
28783
6790
-29938
17124
4251
4367
5359
23273
-15593
-11453
6445
4163
-26082
-22974
-2891
-32191
11012
32276
20460
-17165
22216
0
0
9216
4803
21704
1744
-32046
-32237
26758
28924
135
-768
-748
961
23025
-19853
6006
-24605
17338
-31558
17177
30497
17041
-19061    <-95
16883
1021
5162
-4994
-1867
17040
6998
-28513
-22193
-14479
-13179
-10875
-10460
5009
-31999
31090
24438
6786
-31457
-30464
16896
29440
30386
791
-19922
-18109
6559
-19133
-30509
28482
1973
15170
9987
-32236
-25620
-28424
21315
-28645
-15294
-24801
-19510
-19249
21464
32730
-32007
-16475
1104
4865
135
-7030
-7030
66
-19853
6006
-15871
17321
31769
17177
9256
17024
-19112
16877
599
5159
-4990
-712
-2428
6995
-20224
4689
-12283
-11550
-9245
-8377
835
-30077
25023
-250
-32238
-30402
-30377
-32000
17495
-26093
12827
-24238
14659
6577
19011
28264
25154
-7499
-2495
10757
32020
492
2
21788
-27877
-4095
8202
-10283
-10023
15586
-32538
10256
10880
28795
25088
-23996
-1982
-3337
6730
-24785
17429
-8803
17304
-23425
17178
7693
16989
-19107    <-96
17571
2991
5164
-4740
174
-3066
87
-14592
482
-9040
-7813
-5831
-4641
28543
-32604
30250
1919
-2541
32647
17124
4251
4367
5359
27113
-28579
20547
7198
29763
19796
2370
-8267
7494
11537
31508
-25617
513
22787
-741
-15036
-6783
8931
-7959
-30992
32757
-23441
10880
-27530
20671
-3580
4170
-3454
6730
-24785
17429
-11061
17287
1737
17182
7299
16959
-19354
18728
5669
5166
-3718
289
3
7002
-4207
3034
-5233
-3892
-1910
-720
4994
-31102
-920
1937
-2541
32647
17124
4251
4367
5359
22505
32393
4163
8262
-27069
12938
-26558
17331
-12725
12058
30996
11251
1
23301
-28133
1134
15114
30707
14072
-8960
18944
32275
-32550
-32267
20671
-3580
6730
-13758
15891
7700
6168
24172
17261
-13408
17186
-25925
16935
-19870    <-97
19864
7985
5168
-2696
121
1281
92
-2560
2674
-1304
37
2019
3210
4938
-9602
-2688
1908
-2541
32647
17124
4251
4367
5359
30185
23594
-189
9604
4163
7762
12610
-22095
7503
12067
30740
-24841
1024
23298
-10981
-32685
-27121
-11518
-28409
14095
20500
32275
-32550
28661
-32512
-30848
-2028
-3337
6730
-24785
17429
-3649
17226
21397
17192
-16189
16918
-20453
20969
9885
5166
-1672
42
3074
7001
17661
-32315
2626
3967
5949
-14877
-11197
7042
31680
-18312
17499
-29837
17124
5066
5182
6174
-9704
14773
10563
11028
-10941
4333
-5566
-850
-23981
11049
30740
-11781
511
22279
0
29430
-5878
9745
-7145
-30178
32547
-32007
-16475
-31920
4871
-30730
-1921
-3337
6730
-24785
17429
31849
17192
-15532
17197
-29924
16908
-21118    <-98
21992
11344
5161
-904
-126
1025
6996
16924
-11349
6446
7880
9862
11053
-21693
-9597
-32577
-16515
1104
19186
16922
5066
5182
16320
20224
5956
4419
12364
-10685
2423
21570
-18772
-25257
9774
30996
14846
1279
20759
13339
1134
10506
26145
9254
-13778
50
275
29315
31104
25073
-26556
-7029
-2750
6733
-16220
63
3429
17158
-24759
17202
-29789
16903
-21496
22993
12282
5156
-135
-264
11267
6991
17597
-32315
10396
11774
13756
14947
1922
-32600
32554
123
-31869
-32512
-32508
-32252
10244
16192
-29952
-5710
-14526
13484
-13245
1640
18242
-10581
-19365
8240
31252
-16897
-1282
19236
24603
-7481
17409
23084
-11470
7226
17215
-31829
-16422
-32055
4869
-7029
-26046
10673
-22139
16407
21
21659
17095
29720
17206
-28404
16901
-22119    <-99
24166
12937
5150
123
269
2564
6985
17481
-32315
12698
14710
16656
17231
-21693
-9597
-13889
9092
-236
32523
17124
-32000
17494
16320
-11776
-23308
-18878
14294
28227
2396
-3774
-5716
-27298
6712
31764
-31221
15617
17667
31259
-15036
-15231
26936
-32448
-16313
-2999
-15342
-21307
-30971
4855
-23610
23716
3673
-1726
-3357
23878
-29684
17027
-8984
17208
18148
16921
-20213
24289
16392
5142
6524
602
574
6977
17608
-32315
16452
18408
20169
20762
20055
181
-32128
-1914
18
10374
-25606
17177
282
16320
-7936
18539
22850
14735
-20413
13560
-8382
8884
-11169
4935
32020
-21208
15618
15876
-7397
-15036
-17023
24903
16975
-27818
17240
-31829
-16422
-32126
-32512
17434
-2048
-3337
6730
-16337
63
-7953
16911
-3754
17209
24738
16987
-18382    <-100
24429
20544
5136
14206
547
317
6971
-1377
-18240
20272
22229
23971
24583
-445
-26750
23487
-251
6674
68
-2056
19186
12058
16320
-26112
-16759
-26559
14854
-29885
-31335
1858
-30789
20063
3673
-32236
21061
15874
14336
17691
-16134
-24904
12630
-162
30052
17255
-32002
-16489
31579
4863
17434
-2048
-3337
6730
-16337
63
-29263
16736
-10545
17209
27126
17057
-17138
24479
25274
5131
21635
614
831
6966
-1399
-18240
24071
26010
27752
28382
-445
-26750
23487
-135
6674
68
-2056
19186
12058
16320
-16896
-8953
31040
14696
-32445
-16334
-21438
-31298
-26273
2412
-31468
10082
16130
13056
-13541
16897
17386
-14235
-17812
17011
32630
-19122
-32768
30081
4863
17434
-2048
-3337
6730
-16337
63
31508
16425
-15475
17208
-3558
17120
-16502    <-101
24358
30369
5127
28812
558
-449
6961
-32504
-22193
27851
29682
31496
32162
-11197
7042
-32320
-143
6674
68
-2056
19186
12058
16320
1792
-20587
15167
14318
-19389
333
-189
-9281
-2329
1406
-14316
31098
16130
11778
15899
20353
9897
19828
16251
-638
17284
-32044
-16357
28289
4863
17434
-2048
-3337
6730
-16337
63
-12593
16454
-4147
17206
3610
17170
-16451
-8380
29880
5123
28403
570
-966
6956
-32435
-22193
31559
-32093
-30314
-29613
-11254
7042
-32320
108
-2173
19186
-2056
19186
12058
16320
-1280
-1944
-21184
13769
-22973
8754
23363
-28738
-25124
618
-2028
-672
14593
11261
-5605
15682
18205
-2174
-5495
-22640
17299
-31829
-16422
28288
-32512
17434
-2048
-3337
6730
-16337
63
-8844
16754
28919
17204
15066
17201
-17312    <-102
-9119
24856
5120
21242
582
-196
6954
17095
-14434
-30461
-28342
-26564
-25863
-21693
-9597
-32577
-142
6674
68
-2056
19186
12058
16320
19968
-14119
32321
13025
8515
16049
-6845
-16199
220
-168
-1517
-18620
16130
10745
-11493
4938
11729
30609
-29288
19103
19362
-19122
-32768
30080
-32512
17434
-2048
-3337
6730
-16337
63
-6587
16916
7154
17201
11021
17226
-18777
-9038
20389
5119
14075
587
-1732
6953
27311
-20234
-26557
-24704
-22820
-22119
20089
181
-32640
117
6785
5129
-2056
19186
10249
16320
-27136
19598
15426
12060
-21693
21330
8259
-19021
-17444
-441
-1261
12583
15618
10745
-25317
5698
17778
-16993
10918
-6226
13232
-32044
-16357
29825
-32512
17434
2304
2304
6656
-16337
63
-11654
17028
-8065
17196
-7494
17241
-20795    <-103
-9120
16553
5118
6650
491
-4550
6953
16958
29206
-22795
-21034
-19080
-18378
4224
-32728
-32470
119
-2173
19186
-2056
19186
12058
16320
-32000
-23267
-8894
10845
-19133
23980
10307
9898
8412
-198
-1517
7435
16130
10741
-3557
-15036
17537
5294
-14155
-31300
23231
-19122
-32768
31872
4856
-31232
-1496
6555
6723
-16383
63
9010
17094
-29614
17191
-25316
17246
-23087
-9248
13410
5119
249
-167
-7922
6954
17594
-32315
-19369
-17661
-15478
-14759
21100
-10120
-32759
130
-32638
-29952
17124
-15649
10244
15685
21760
-6390
27714
9314
-11453
24166
-19389
24231
8409
563
-1772
26879
-2303
11766
-24293
-15036
-28543
17850
-8768
-21302
32717
-32007
-16475
-31920
4871
12159
-7195
-10430
25576
-16316
63
-1953
17155
-5310
17184
-13591
17245
-22008    <-104
-10600
12265
5126
-776
210
-252
6961
17620
-32315
-15894
-14433
-11721
-11091
-21693
-9597
-13889
9092
10260
-25606
17177
-32486
282
16320
15360
5228
-13245
7491
27459
23726
-10941
24747
23508
2604
-2028
3834
257
13823
-28133
26807
19260
24521
-26418
-23591
26075
-31829
-16422
-32055
-32763
-12006
-2176
878
6976
-16135
63
-7736
17188
-28786
17177
555
17243
-21055
-11797
10326
5134
-2056
354
-255
6968
-18638
15464
-12109
-11026
-7936
-7611
-21693
-9597
-13889
-16518
457
-32764
68
19957
-23526
16320
14080
13667
5955
5642
8003
22735
-30909
32687
-3377
4643
-2028
21749
769
15867
-28133
23051
8783
-31528
12507
-10403
1713
-32002
-16489
25982
5138
2304
-2176
878
6976
-32519
62
-4562
17221
-17974
17170
1583
17238
-20390    <-105
-13165
7958
5143
-3335
484
-4603
12610
17424
-32315
-8293
-7592
-4120
-4178
4864
-31999
31858
112
390
-32764
68
19957
17498
-30599
16599
22123
-20925
3962
-31421
21078
-20157
30640
15817
7449
-1772
-531
1281
18683
0
-17322
8178
-13849
27881
-1801
32757
-23441
10880
-20616
5138
2304
17547
28928
25729
31193
-10360
-8190
17254
-23249
17164
-15976
17229
-20120
-14604
4737
5155
-5382
449
1281
6990
17042
24067
-4434
-3751
-261
-913
0
0
0
193
19
-3590
250
19957
-23526
5535
-16316
30569
2883
2726
28483
18619
16707
28083
-22332
9995
-748
31465
-2046
21251
-24805
-18466
18368
-3338
-27144
-12026
-12285
0
0
31232
31232
1025
17536
28928
16000
7700
6168
5675
17284
-24192
17161
-4891
17219
-19109    <-106
-15818
1364
5163
-4865
516
249
6999
2962
20314
-536
91
3638
2930
28543
-32604
30762
23
19
-3590
250
19189
12058
5535
23620
-29549
6467
2395
5187
16289
-7613
438
6592
11776
20
16110
-5377
23291
-24805
-10820
-28472
517
-8952
6421
16915
-18873
-16045
481
31488
-31232
-1496
6555
-16829
6009
31869
11376
17301
24109
17161
5477
17212
-18184
-16322
-22
5169
-3584
-319
2466
7005
16924
-11349
3389
4015
7562
6854
18326
21430
-7743
18
-32645
-32486
-32230
19186
12058
5535
16452
-25122
8259
2405
-32189
14686
-19645
6586
-18239
13313
20
25334
-22019
24323
-28133
30018
-4106
24852
-27369
30755
-4574
-15098
-17309
7800
4883
-25856
-7035
-1214
-25978
-3194
22665
-23577
17318
27005
17161
29323
17207
-17208    <-107
-16003
649
5174
-1536
-534
443
4194
-15472
-7727
7335
7961
11085
10800
1741
25541
30908
-5861
6833
4869
-16129
24579
23035
23891
20152
-20615
-16573
2408
579
13929
-18621
28094
-30271
14594
20
14846
-11012
26111
7195
-21694
25811
-10716
2598
-4813
32561
-23441
10880
3192
32125
-12006
-670
-823
6807
5921
31869
22743
17336
25067
17161
1854
17206
-16449
-16176
353
5180
0
-867
240
7016
-8545
-16201
11303
11929
15053
-26448
835
-30077
30911
6435
6789
-29952
17124
3242
3313
4140
-10926
-16065
27203
2394
-9917
13822
16963
8128
1216
16128
20
-23296
-4359
27884
16155
-26618
-4082
25139
-27082
31042
17217
-31997
-16502
22904
-31888
8986
-7029
-13758
15891
7700
6168
11644
17354
23799
17161
10045
17206
-16253    <-108
-16393
-2
5186
0
-2847
-4444
111
-2560
2674
15172
15921
19045
18760
5006
-31789
-1308
4996
6847
-29952
17124
-22771
-22833
-21941
-27762
-11487
19011
2396
-11965
13926
-23485
-576
28351
17408
20
-15615
-28168
28838
16155
-26618
-28658
577
-956
-8368
54
-26548
-31497
-30856
-16621
3354
-7030
66
-22249
19735
17947
4664
17372
10498
17161
-21995
17206
-16195
-16428
322
5185
256
-1878
-23150
-23443
19103
-12013
17599
18225
21547
21262
19456
-2152
32132
2433
6790
-30185
17124
7321
7408
8386
1286
-6916
-1469
2229
7747
14061
-11197
-21568
4543
15874
-236
-28671
-27912
27556
-28645
-15294
-4354
24647
23114
15703
17238
-32002
-16489
31835
20671
136
136
-7029
6792
22
17073
-7583
17389
5924
17160
15933
17207
-16125    <-109
-16488
332
5183
767
183
17401
108
-14592
482
19916
20444
23570
23383
20197
181
-32640
32115
6781
32721
17122
14196
17507
-21941
15758
-2352
-19901
2052
18243
14296
-5309
12737
-17984
17151
20
15619
-24325
28404
-28133
-7387
-26080
13396
-8105
9827
19043
32275
-32550
22773
4860
-12032
131
40
9
16982
17435
-16246
17407
3579
17160
-12968
17208
-15743
-16239
249
5188
1024
-77
15611
7025
1599
3736
23663
24329
27553
27386
-17854
-20028
29968
1865
32531
-6865
-32029
11
17508
641
29952
1047
16196
3329
-11709
14839
19267
3519
-20276
8934
5396
-23546
3589
19568
-24805
-10820
-11064
-25246
16741
17777
4150
32636
4096
22919
4871
-30730
-7041
-13758
21905
-31420
42
-8782
17414
-6734
17177
25115
17211
-18804    <-110
-10455
-11179
5120
1836
1666
31689
6954
17085
-7683
27205
27882
30897
30591
31760
127
-31728
-2963
-5358
16262
1
16638
-998
-8065
-19876
1954
-10428
10766
-22205
15590
6211
-32597
23265
-8760
16659
27655
-7930
2172
11547
-18638
26273
7281
-7052
-24705
-32256
-32237
1158
32637
4855
-23610
23716
3673
-1726
-3357
23878
23388
17414
1891
17209
29062
17214
-25301
-5052
-16234
5050
2134
1644
31454
6887
16930
-7683
30803
31501
-31035
-31407
4812
27598
1356
1155
6692
68
22897
-5520
-5797
18162
18781
895
-14268
17207
-30909
16414
16963
-27250
-18186
-24644
27411
22280
-14074
-12676
-28607
-15017
4620
-14465
32641
-8563
14219
-12782
19563
28546
5138
2304
17547
28928
21905
-31420
42
-20771
17407
-26423
17222
-22953
17217
32583    <-111
172
-17358
5007
1922
1578
32189
6848
10496
-1218
-31321
-30628
-27628
13881
-32768
127
-1008
2518
6790
32721
23315
-2734
-3011
-1994
-22593
-1919
-16829
17072
-26045
17152
25411
-29840
-13046
-30019
-27117
13063
-23546
-17540
-10068
17474
11225
-8052
-26482
-17254
16280
-19122
1024
-26244
-32512
17434
-2048
-3337
6730
13871
-16392
6245
17395
29629
17208
15966
17220
25152
5279
-15773
5004
1706
1578
31744
6846
10496
-1218
-27987
-27308
-24294
-24812
-21693
-9597
31492
-1894
18
10374
-25606
17177
282
-2688
7004
-3907
-30141
10819
12099
17756
14915
-28587
6686
-28214
-17133
13317
-8954
-16004
-8166
-7481
13569
-9063
-23909
-25433
14501
14866
-20657
-28155
-32512
17434
-2048
-3337
6730
-3537
23878
2762
17394
29318
17179
29891
17222
19063    <-112
10464
-10727
5013
1489
1607
31997
6852
-14442
482
-24650
-23956
-20942
-21460
4852
-14908
1452
898
6720
32765
23732
96
-195
848
-7207
-2372
-30141
4001
-30653
18262
23875
-1470
14898
-26906
-6893
22019
28934
-14722
-28412
-9489
7691
-3930
-15192
-16460
29106
-12782
19563
-27131
16387
-742
29055
28761
23530
21737
-8723
-20734
17405
-16805
17161
-3187
17223
16077
15655
-1478
5008
762
1583
31010
-18751
28306
2564
-21373
-20608
-17579
-18111
4634
2244
1454
170
6788
32765
22897
-5520
-5797
-4780
24285
664
15428
2406
1859
18518
-28861
-26049
-8128
-28671
19
-13311
11771
-15950
-6630
-15036
27777
30640
-8781
-13887
191
32640
4096
-22415
-32768
7962
-7030
28761
23530
1513
40
22230
17414
24032
17161
29432
17224
16387    <-113
16297
30
5012
0
-1041
-13191
6852
17654
-32315
-18952
-18101
-14229
-14761
-17243
19586
4544
161
-32643
-29952
17124
19725
-22833
-21941
5518
2586
30788
2401
-24765
18553
-8893
-3265
14911
-26369
19
24576
-26631
-14296
-27656
-4095
-29686
-8004
191
-4913
17100
-15098
-17309
-30600
4864
-1536
-1912
-26896
-12467
19366
-29014
-7809
17421
24615
17161
-28476
17224
16288
16483
-147
5019
0
-1960
26553
16843
22416
3269
-15577
-14725
-10853
-11385
4873
649
31563
1900
6833
-29938
19940
-28209
17493
-21827
6256
4524
-22204
2398
-20925
18615
-32445
17727
3904
-24832
19
27136
-1032
-12548
-27978
1134
-14070
7369
15821
10460
32730
-32007
-16475
27001
4871
-30730
-1225
-2942
-8881
-10553
24523
31176
17429
23862
17161
-6136
17224
16241    <-114
16370
86
5026
256
-2393
-17414
-1839
403
2800
-12176
-11324
-7452
-7984
19456
-2152
30852
31095
17499
1689
228
-32655
5182
6174
-32744
6474
12868
2393
17987
18718
27203
-21441
-8897
-23297
19
-32767
-28934
-11385
-27656
-4095
-30198
-8491
-20008
-25112
32742
15123
18844
-31881
-16621
3354
-7030
129
6785
22
0
6618
17437
9120
17161
21895
17225
16231
16182
-305
5026
256
-1446
-31089
-21295
17112
-9916
-10055
-9203
-5152
-5684
19559
-2152
32132
-16252
-31104
16896
-31488
7194
7408
8386
18438
8422
16964
2222
28227
18828
26435
-14785
-11202
-24579
-237
3073
-28166
-12666
447
-25021
-5960
15579
4063
-1041
12524
32275
-24684
-32639
-31745
136
136
-7029
6792
22
17073
-20474
17444
-1752
17159
-15566
17225
16234    <-115
15966
-788
5021
510
-1600
-31341
-23348
-1377
-18240
-8425
-7573
-3522
-4054
4921
-11134
-452
-8764
-27773
-32006
18677
18521
29529
30386
-8681
10358
-19388
1796
-12733
18937
28227
-961
5949
-25604
-493
29953
-26887
-13691
-24668
-10820
18120
-25886
28133
23029
27123
-31829
-16422
32457
-32763
-29481
-1389
-2686
22856
-19956
6006
15055
17452
-12031
17157
12340
17226
16244
15777
-1197
5017
509
-1749
-31590
-23351
12959
-24137
-6795
-5943
-1892
-2424
-2499
22402
14016
6
-8062
-13941
-20483
19907
5658
-20224
-8638
12283
11076
1118
30787
19046
31555
19519
-25283
-26374
-1005
-7423
-25096
-14204
-24668
-18466
-23360
-1816
-13333
-18437
18169
-32044
-16357
-32642
-32256
-29728
-567
-15441
6733
22
17073
-17910
17459
-21366
17154
-25445
17226
16259    <-116
15612
-1548
5015
508
-1892
-31583
-18745
17042
-2443
-5165
-4313
-262
-794
-21657
-9597
-13889
1281
-8063
-13941
-20483
19907
5658
-20224
22594
14197
20804
188
-31933
19154
-29885
-20417
22076
-26887
-1261
30721
-23560
-14716
-28390
16897
746
22255
10994
5634
-21248
-29934
2562
-29705
2972
-486
29567
7510
5823
25536
28609
11742
17467
6961
17149
2121
17227
16276
15462
-1860
5013
506
-1948
-31580
-10555
-11886
9824
-3535
-2684
1369
836
4726
650
-1385
17392
229
-29947
17124
-21160
-20911
-20541
-20784
16099
13892
-1983
-4542
19261
-25021
7743
9788
-27144
-1517
20225
-22792
-14972
5590
24785
24614
-19467
-30472
29448
30214
-30190
-26878
-3846
-6845
1280
-7029
22594
20909
-15442
-12113
-26966
17474
-5338
17138
29534
17227
16297    <-117
15319
-2157
5013
505
-1990
-31577
-10555
1938
11472
-1905
-1054
2998
2466
4726
650
-1385
17392
229
-29947
17124
-21160
-20911
-20541
-13104
17990
24644
-4839
-22718
19368
-19133
-28353
827
-27145
-2029
9729
-22280
-14972
-27946
23051
-16817
4603
-6657
-12018
30220
-30190
-26878
-3846
-6845
1280
-7029
22594
20909
-15442
-12113
-3042
17481
-13246
17126
-8752
17227
16321
15181
-2441
5014
504
-2031
-31575
6854
-15472
-7727
-275
577
4628
4096
4726
650
-1385
17392
229
-29947
17124
-21160
-20911
-20541
-24368
19870
11332
-8188
-14270
19474
-12733
2623
-4549
-26891
-2285
-767
-21513
-14460
-28490
19266
7460
28674
17157
12053
30227
-30190
-26878
-3846
-6845
1280
-7029
22594
20909
-15442
-12113
18002
17489
-16003
17112
18325
17228
16348    <-118
15048
-2712
5015
502
-2071
-31572
-23352
17040
-21466
1355
2207
6258
5726
4726
650
-1385
17392
229
-29947
17124
-21160
-20911
-20541
13520
21739
-28348
-12028
17218
19580
-5565
-30913
-6854
-26124
-2541
-11263
-21001
-13948
-24668
17606
31386
-12792
-24309
-29669
30233
-30190
-26878
-3846
-6845
1280
-7029
22594
20909
-15442
-12113
-29370
17496
-12857
17096
-20285
17228
16377
14920
-2971
5018
501
-2112
-31570
27082
17040
29206
2985
3837
7888
7355
4726
650
-1385
17392
229
-29947
17124
-21160
-20911
-20541
-27952
23596
19780
-16355
5698
19685
2115
2624
-6086
-25357
-3053
-21759
-20489
-13180
-28636
-15294
-9986
11278
-494
-5599
30239
-30190
-26878
-3846
-6845
1280
-7029
22594
20909
-15442
-12113
-14060
17503
-3169
17078
6475
17229
16407    <-119
14797
-3218
5022
500
-2153
-31567
-15411
17042
5888
4615
5466
9517
8985
4726
650
-1385
17392
229
-29947
17124
-21160
-20911
-20541
-11824
25442
11332
-21167
21314
19789
10051
-28352
-2247
-24334
-3309
-31999
-19721
-12412
-28645
32066
13956
-30443
23576
18472
30246
-30190
-26878
-3846
-6845
1280
-7029
22594
20909
-15442
-12113
2804
17511
-19016
17060
-27879
17229
16262
15291
-2161
5027
503
-623
31363
-1838
403
2800
6630
7496
11666
11133
-21693
-9597
-32496
-139
6674
-29933
17124
10385
10426
10245
20480
27332
8516
-25179
30530
19946
-32701
-15041
-25285
-21769
-2029
-9471
31228
-9867
-28412
-9489
20491
-15842
5409
-7372
32561
-23441
4224
29563
-31888
8986
-7029
-13758
15891
-32492
42
-28532
17518
10613
17048
17437
17230
16195    <-120
15635
-1470
5040
506
57
29818
1246
-4207
3034
9288
10185
14861
14269
4991
-25541
30537
28859
6787
-29917
17124
5066
5182
6174
8728
29291
-29884
-27496
-29374
20127
8259
25407
-24258
-18948
-749
8193
-2303
-7298
-28412
-9489
-20725
12073
11053
-13504
32573
15123
18844
-31881
-16621
26
-7029
3394
-12377
19366
-29014
20205
17526
-4254
17042
-1238
17230
16143
16251
-236
5049
511
46
32501
1254
-4207
3034
12042
12969
18076
17437
-1665
-23166
31167
28802
6787
-29917
17124
11962
12003
12829
-2281
31286
-27836
-27979
-1982
20311
3395
7999
18752
-17408
19
30465
-522
-5766
-28412
-9489
21003
-3531
24888
-11699
17226
-32025
-16428
32767
23417
-26300
-7162
28928
15891
7700
6168
3291
17534
-19067
17042
-19642
17231
16141    <-121
16388
28
5011
256
-7290
4591
1220
-4207
23876
15372
16299
21527
20873
127
275
-23677
-16514
-31920
-30201
-32284
-32512
5658
5440
-1536
-32546
3908
-28078
11586
20491
3139
1087
7488
29184
19
23809
-4381
-23022
-28412
-18961
-27046
13634
-26298
2650
32600
4864
-31999
-558
-16885
1306
-7029
10629
-22139
16407
21
-22560
17538
29692
17041
24618
17232
16140
16387
29
4945
511
-7373
4846
1161
-4207
22565
18679
19607
24817
24162
127
275
-12669
-16513
-30640
-30720
-29952
-30492
5658
5440
-24320
-31647
24132
-28641
22082
20658
3139
831
7744
12288
-493
2561
-4637
28178
-28412
-26897
12373
-12465
8530
-28057
32612
4864
-31999
-4683
-7299
138
-7029
22856
22856
16499
675
21912
0
18880
-15278
32764
0
20334    <-122
-15730
32700
0
-4095
-15737
0
0
6
0
0
