4294967295    <-0
127
4294967295
63
0
0
0
4294967168
0
0
0
4294967168
0
0
69
23
4294967295
127
0
0
0
0
0
0
0
0
0
0
127
0
0
0
0
127
127
0
127
127
0
127
0
127
0
127
0
40
0
0
0
0
0
52
68
4294967178
4294967238
4294967248
65
4294967205
47
125
68
4294967295
127
4294967295
63
24
0
4294967193
3
4294967233
4294967249
4294967254
4294967284
0
0
78
23
4294967295
127
4294967251
6
6
0
6
0
6
0
6
0
127
4294967295
0
0
0
121
127
0
127
4294967174
16
4294967174
16
4294967174
16
4294967174
16
42
4294967168
106
0
7
0
52
68
17
14
4294967248
65
24
34
125
68
4294967295
127
4
64
38
0
75
4
4294967233
4294967177
85
4294967281
0
82
87
23
4294967295
127
92
15
29
0
29
0
29
0
29
0
127
4294967295
0
0
0
107
127
0
127
4294967168
16
4294967168
16
4294967168
16
4294967168
16
42
4294967168
106
0
9
0
52
68
4294967210
15
4294967248
65
95
10
125
68
4294967295
127
5
64
43
0
4294967280
5
4294967233
4294967170
7
4294967276
0
4294967251
96
23
4294967295
127
85
14
71
0
71
0
71
0
71
0
127
4294967295
0
0
0
102
127
0
127
4294967168
16
4294967168
16
4294967168
16
4294967168
16
42
4294967168
106
0
9
0
52
68
127
18
4294967248
65
118
4294967272
124
68
4294967295    <-1
127
3
64
59
0
26
7
64
4294967170
110
4294967281
0
4294967280
106
23
4294967295
127
110
17
4294967170
0
4294967170
0
4294967170
0
4294967170
0
127
4294967295
0
0
0
106
127
0
127
4294967168
16
4294967168
16
4294967168
16
4294967168
16
40
4294967168
106
0
9
0
52
68
9
23
4294967248
65
105
4294967228
124
68
4294967295
127
1
64
81
0
4294967294
7
66
4294967170
4294967168
4294967279
0
4294967275
115
23
4294967295
127
97
22
4294967247
0
4294967247
0
4294967247
0
4294967247
0
127
4294967295
0
0
0
110
127
0
127
4294967168
16
4294967168
16
4294967168
16
4294967168
16
40
4294967168
106
0
9
0
52
68
88
23
4294967248
65
81
4294967174
124
68
4294967295
127
4294967295
63
85
0
4294967223
8
4294967233
4294967170
4294967207
4294967277
126
4294967281
125
23
4294967295
127
84
27
45
1
45
1
45
1
45
1
127
4294967295
0
0
0
110
127
0
127
4294967169
16
4294967169
16
4294967168
16
4294967168
16
40
4294967168
106
0
9
0
52
68
4294967242
15
4294967248
65
59
70
124
68
4294967295
127
4294967295
63
52
0
84
9
4294967233
4294967171
45
4294967287
127
0
4294967174
23
4294967295
127
71
32
4294967198
1
4294967198
1
4294967198
1
4294967198
1
127
4294967295
0
0
0
109
127
0
127
4294967170
16
4294967170
16
4294967168
16
4294967168
16
40
4294967168
106
0
9
0
52
68
100
4294967261
4294967247
65
120
4294967292
123
68
4294967295    <-2
127
4294967295
63
96
4294967295
4294967262
9
4294967233
4294967173
4294967175
4294967291
127
0
4294967184
23
4294967295
127
58
37
32
2
32
2
32
2
32
2
127
4294967295
0
0
0
108
127
0
127
4294967171
16
4294967171
16
4294967168
16
4294967168
16
40
4294967168
106
0
9
0
52
68
84
4294967170
4294967247
65
4294967207
4294967208
123
68
4294967295
127
4294967295
63
4294967268
4294967293
93
10
4294967233
4294967173
51
4294967292
127
0
4294967194
23
4294967295
127
4294967196
44
4294967220
2
4294967220
2
4294967220
2
4294967220
2
127
4294967295
0
0
0
108
127
0
127
4294967168
16
4294967168
16
4294967168
16
4294967168
16
40
4294967168
106
0
9
0
52
68
6
9
4294967247
65
87
73
123
68
4294967295
127
0
64
4294967277
4294967292
4294967252
10
4294967233
4294967174
4294967206
4294967281
126
5
4294967205
23
4294967295
127
4294967183
49
92
3
92
3
92
3
92
3
127
4294967295
0
0
0
108
127
0
127
4294967168
16
4294967168
16
4294967171
16
4294967171
16
40
4294967168
106
0
9
0
52
68
4294967235
42
4294967246
65
4294967192
4294967261
122
68
4294967295
127
1
64
112
4294967293
63
11
4294967233
4294967175
4294967227
4294967290
0
0
4294967215
23
4294967295
127
4294967170
54
24
4
24
4
24
4
24
4
127
4294967295
0
0
0
108
127
0
127
4294967168
16
4294967168
16
4294967169
16
4294967169
16
40
4294967168
106
0
9
0
52
68
4294967266
80
4294967245
65
19
102
122
68
4294967295    <-3
127
1
64
88
4294967294
4294967197
11
4294967233
4294967174
108
4294967287
0
2
4294967226
23
4294967295
127
117
59
4294967272
4
4294967272
4
4294967272
4
4294967272
4
127
4294967295
0
0
0
108
127
0
127
4294967169
16
4294967169
16
4294967168
16
4294967168
16
40
4294967168
106
0
9
0
52
68
4294967184
110
4294967244
65
10
4294967268
121
68
4294967295
127
2
64
104
4294967294
4294967282
11
4294967233
4294967175
55
4294967286
4294967169
0
4294967236
23
4294967295
127
4294967254
66
4294967244
5
4294967244
5
4294967244
5
4294967244
5
127
4294967295
0
0
0
108
127
0
127
4294967170
16
4294967170
16
4294967168
16
4294967168
16
40
4294967168
106
0
9
0
52
68
4294967197
122
4294967243
65
98
87
121
68
4294967295
127
2
64
4294967295
4294967293
63
12
4294967233
4294967173
4294967286
4294967284
0
10
4294967246
23
4294967295
127
4294967241
71
4294967235
6
4294967235
6
4294967235
6
4294967235
6
127
4294967295
0
0
0
108
127
0
127
4294967168
16
4294967168
16
4294967168
16
4294967168
16
40
4294967168
106
0
18
0
52
68
123
4294967275
4294967242
65
99
4294967230
120
68
0
4294967168
7
64
4294967195
4294967295
4294967174
12
4294967233
4294967173
74
4294967294
0
0
4294967256
23
4294967295
127
4294967228
76
4294967245
7
4294967245
7
4294967246
7
4294967246
7
127
4294967295
0
0
0
109
127
0
127
4294967168
16
4294967168
16
4294967169
9
4294967169
9
40
4294967168
106
0
4294967288
4294967295
51
68
4294967174
4294967280
4294967242
65
45
27
120
68
0    <-4
4294967168
4294967284
63
4294967206
0
4294967235
12
4294967233
4294967171
102
4294967290
4294967170
7
4294967266
23
4294967295
127
4294967215
81
4294967277
8
4294967275
8
4294967274
8
4294967274
8
127
4294967295
0
0
0
108
127
0
127
4294967170
16
4294967170
16
4294967168
16
4294967168
16
40
4294967168
106
0
17
0
52
68
4
4294967257
4294967242
65
61
111
119
68
0
4294967168
5
64
4294967246
4294967295
4294967294
12
4294967232
4294967170
119
4294967286
4294967170
35
4294967275
23
4294967295
127
4294967202
86
26
10
25
10
23
10
23
10
127
4294967295
0
0
0
108
127
0
127
4294967168
16
4294967168
16
4294967168
16
4294967168
16
40
4294967168
106
0
32
0
52
68
4294967203
4294967262
4294967242
65
107
4294967226
118
68
4294967295
127
16
64
4294967240
4294967295
18
13
4294967232
4294967170
4294967250
4294967283
0
7
4294967278
23
4294967295
127
4294967240
85
86
11
85
11
84
11
84
11
127
4294967295
0
0
0
111
127
0
127
4294967168
16
4294967168
16
4294967168
16
4294967168
16
41
4294967168
42
0
24
0
52
68
101
4294967251
4294967242
65
4294967179
4
118
68
4294967295
127
10
64
4294967290
4294967295
18
13
69
4294967170
4294967249
4294967283
0
4294967253
4294967278
23
4294967295
127
70
71
4294967188
12
4294967187
12
4294967185
12
4294967185
12
127
4294967295
0
0
0
126
127
0
127
4294967168
16
4294967168
16
4294967168
16
4294967168
16
41
4294967168
42
0
13
0
52
68
4294967278
4294967256
4294967242
65
4294967219
78
117
68
4294967295    <-5
127
1
64
25
0
18
13
64
4294967170
18
4294967282
0
4294967242
4294967278
23
4294967295
127
4294967237
56
4294967250
13
4294967249
13
4294967247
13
4294967247
13
127
4294967295
0
0
0
4294967173
127
0
127
4294967168
16
4294967168
16
4294967168
16
4294967168
16
41
4294967168
42
0
3
0
52
68
81
4294967265
4294967242
65
4294967285
4294967190
116
68
4294967295
127
4294967289
63
38
0
48
13
64
4294967170
73
4294967279
0
4294967209
4294967284
23
4294967295
127
108
54
19
15
18
15
17
15
17
15
127
4294967295
0
0
0
127
127
0
127
4294967168
16
4294967168
16
4294967168
16
4294967168
16
40
4294967168
42
0
4294967295
4294967295
51
68
4294967274
4294967267
4294967242
65
116
4294967256
115
68
4294967295
127
4294967286
63
39
0
85
13
64
4294967170
4294967193
4294967277
4294967170
60
4294967290
23
4294967295
127
4294967280
56
97
16
95
16
94
16
94
16
127
4294967295
0
0
0
113
127
0
127
4294967168
16
4294967168
16
127
16
127
16
40
4294967168
42
0
11
0
52
68
4294967200
4294967273
4294967242
65
4294967259
18
115
68
4294967295
127
4294967294
63
28
0
120
13
65
4294967170
4294967252
4294967280
4294967170
82
1
24
4294967295
127
61
58
4294967226
17
4294967225
17
4294967223
17
4294967223
17
127
4294967295
0
0
0
107
127
0
127
4294967168
16
4294967168
16
4294967168
16
4294967168
16
40
4294967168
42
0
21
0
52
68
21
4294967276
4294967242
65
70
70
114
68
4294967295    <-6
127
5
64
22
0
4294967194
13
0
4294967169
4294967291
4294967275
4294967295
121
7
24
4294967295
127
4294967234
60
32
19
31
19
29
19
29
19
127
4294967295
0
0
0
110
127
0
127
4294967168
16
4294967168
16
4294967168
16
4294967168
16
40
4294967168
42
0
21
0
52
68
14
4294967273
4294967242
65
4294967217
114
113
68
4294967295
127
3
64
27
0
4294967227
13
4294967229
4294967170
4294967240
4294967278
0
4294967226
14
24
4294967295
127
70
63
4294967186
20
4294967185
20
4294967183
20
4294967183
20
127
4294967295
0
0
0
115
127
0
127
4294967168
16
4294967168
16
4294967168
16
4294967168
16
40
4294967168
42
0
21
0
52
68
4294967245
4294967269
4294967242
65
31
4294967192
112
68
4294967295
127
4294967294
63
34
0
4294967259
13
0
4294967169
66
4294967278
0
4294967193
20
24
4294967295
127
4294967187
64
16
22
15
22
13
22
13
22
127
4294967295
0
0
0
116
127
0
127
4294967168
16
4294967168
16
127
16
127
16
40
4294967168
42
0
21
0
52
68
104
4294967270
4294967242
65
4294967187
4294967222
111
68
4294967295
127
4294967291
63
33
0
4294967290
13
0
4294967169
4294967225
4294967274
127
11
27
24
4294967295
127
24
67
4294967195
23
4294967194
23
4294967192
23
4294967192
23
127
4294967295
0
0
0
114
127
0
127
4294967168
16
4294967168
16
127
16
4294967168
16
40
4294967168
42
0
21
0
52
68
18
4294967273
4294967242
65
12
4294967246
110
68
4294967295    <-7
127
4294967293
63
28
0
24
14
0
4294967169
4294967184
4294967277
4294967170
89
33
24
4294967295
127
101
68
49
25
48
25
47
25
47
25
127
4294967295
0
0
0
113
127
0
127
4294967168
16
4294967168
16
4294967168
16
4294967168
16
40
4294967168
42
0
21
0
52
68
4294967280
4294967273
4294967242
65
4294967177
4294967262
109
68
4294967295
127
1
64
26
0
53
14
0
4294967169
12
4294967275
0
103
40
24
4294967295
127
4294967273
70
4294967252
26
4294967251
26
4294967250
26
4294967250
26
127
4294967295
0
0
0
113
127
0
127
4294967168
16
4294967168
16
4294967168
16
4294967168
16
40
4294967168
42
0
21
0
52
68
110
4294967272
4294967242
65
8
4294967272
108
68
4294967295
127
1
64
29
0
81
14
0
4294967169
3
4294967275
0
4294967236
46
24
4294967295
127
110
73
4294967171
28
4294967170
28
4294967169
28
4294967169
28
127
4294967295
0
0
0
114
127
0
127
4294967168
16
4294967168
16
4294967168
16
4294967168
16
40
4294967168
42
0
21
0
52
68
18
4294967271
4294967242
65
4294967179
4294967274
107
68
4294967295
127
4294967295
63
32
0
109
14
0
4294967169
4294967178
4294967275
1
4294967177
53
24
4294967295
127
4294967227
74
63
30
62
30
60
30
60
30
127
4294967295
0
0
0
114
127
0
127
4294967168
16
4294967168
16
127
16
127
16
40
4294967168
42
0
21
0
52
68
122
4294967271
4294967242
65
18
4294967270
106
68
4294967295    <-8
127
4294967293
63
31
0
4294967176
14
0
4294967169
114
4294967272
126
4294967265
59
24
4294967295
127
63
77
6
32
5
32
4
32
4
32
127
4294967295
0
0
0
114
127
0
127
4294967168
16
4294967168
16
127
16
4294967168
16
40
4294967168
42
0
21
0
52
68
4294967214
4294967272
4294967242
65
4294967198
4294967258
105
68
4294967295
127
4294967294
63
28
0
4294967202
14
0
4294967169
9
4294967274
4294967170
97
66
24
4294967295
127
4294967236
79
4294967258
33
4294967257
33
4294967255
33
4294967255
33
127
4294967295
0
0
0
113
127
0
127
4294967168
16
4294967168
16
4294967168
16
4294967168
16
40
4294967168
42
0
21
0
52
68
4294967284
4294967272
4294967242
65
46
4294967240
104
68
4294967295
127
0
64
28
0
4294967227
14
0
4294967169
56
4294967273
0
98
72
24
4294967295
127
17
81
4294967226
35
4294967225
35
4294967223
35
4294967223
35
127
4294967295
0
0
0
113
127
0
127
4294967168
16
4294967168
16
4294967168
16
4294967168
16
40
4294967168
42
0
21
0
52
68
59
4294967272
4294967242
65
4294967232
4294967214
103
68
4294967295
127
0
64
30
0
4294967252
14
0
4294967169
4294967249
4294967270
0
4294967254
79
24
4294967295
127
4294967189
83
4294967206
37
4294967205
37
4294967203
37
4294967203
37
127
4294967295
0
0
0
114
127
0
127
4294967168
16
4294967168
16
4294967168
16
4294967168
16
40
4294967168
42
0
21
0
52
68
4294967256
4294967271
4294967242
65
32
4294967183
102
68
4294967295    <-9
127
4294967295
63
26
0
4294967264
14
4294967228
4294967170
4294967217
4294967280
126
4294967286
82
24
4294967295
127
4294967172
81
4294967197
39
4294967196
39
4294967194
39
4294967194
39
127
4294967295
0
0
0
115
127
0
127
4294967168
16
4294967168
16
4294967168
16
4294967168
16
41
4294967168
42
0
21
0
52
68
92
4294967273
4294967242
65
4294967214
110
101
68
4294967295
127
4294967294
63
4294967293
4294967295
4294967264
14
0
4294967169
55
4294967282
127
4294967294
82
24
4294967295
127
2
67
4294967190
41
4294967189
41
4294967187
41
4294967187
41
127
4294967295
0
0
0
125
127
0
127
4294967168
16
4294967168
16
4294967168
16
4294967168
16
41
4294967168
42
0
21
0
52
68
24
4294967274
4294967242
65
4294967244
76
100
68
4294967295
127
4294967294
63
4294967284
4294967295
4294967280
14
0
4294967169
4294967207
4294967281
0
4
86
24
4294967295
127
59
62
4294967185
43
4294967184
43
4294967182
43
4294967182
43
127
4294967295
0
0
0
4294967168
127
0
127
4294967168
16
4294967168
16
4294967168
16
4294967168
16
40
4294967168
42
0
21
0
52
68
4294967236
4294967271
4294967242
65
47
36
99
68
4294967295
127
4294967295
63
31
0
8
15
0
4294967169
6
4294967284
0
2
93
24
4294967295
127
4294967176
63
4294967192
45
4294967190
45
4294967189
45
4294967189
45
127
4294967295
0
0
0
117
127
0
127
4294967168
16
4294967168
16
4294967168
16
4294967168
16
40
4294967168
42
0
21
0
52
68
55
4294967271
4294967242
65
4294967204
4294967284
97
68
4294967295    <-10
127
4294967295
63
60
0
30
15
0
4294967169
61
4294967267
0
4294967249
99
24
4294967295
127
4294967253
64
4294967210
47
4294967209
47
4294967207
47
4294967207
47
127
4294967295
0
0
0
109
127
0
127
4294967168
16
4294967168
16
127
16
127
16
40
4294967168
42
0
21
0
52
68
114
4294967273
4294967242
65
73
4294967230
96
68
4294967295
127
4294967295
63
40
0
53
15
0
4294967169
118
4294967282
127
4294967294
106
24
4294967295
127
34
66
4294967241
49
4294967240
49
4294967238
49
4294967238
49
127
4294967295
0
0
0
110
127
0
127
4294967168
16
4294967168
16
127
16
127
16
40
4294967168
42
0
21
0
52
68
4294967245
4294967273
4294967242
65
4294967294
4294967168
95
68
4294967295
127
4294967295
63
13
0
75
15
4294967228
4294967170
82
4294967279
126
4294967295
112
24
4294967295
127
4294967207
68
4294967284
51
4294967283
51
4294967281
51
4294967281
51
127
4294967295
0
0
0
114
127
0
127
4294967168
16
4294967168
16
4294967168
16
4294967168
16
40
4294967168
42
0
21
0
52
68
4294967254
4294967271
4294967242
65
4294967197
60
94
68
4294967295
127
4294967295
63
14
0
96
15
4294967228
4294967170
4294967256
4294967279
0
2
119
24
4294967295
127
4294967284
69
44
54
42
54
41
54
41
54
127
4294967295
0
0
0
115
127
0
127
4294967168
16
4294967168
16
4294967168
16
4294967168
16
40
4294967168
42
0
21
0
52
68
4294967187
4294967270
4294967242
65
37
4294967281
92
68
4294967295    <-11
127
4294967295
63
35
0
118
15
0
4294967169
17
4294967280
0
2
125
24
4294967295
127
65
71
111
56
110
56
108
56
108
56
127
4294967295
0
0
0
114
127
0
127
4294967168
16
4294967168
16
127
16
127
16
40
4294967168
42
0
21
0
52
68
4294967225
4294967271
4294967242
65
4294967234
4294967198
91
68
4294967295
127
4294967295
63
42
0
4294967178
15
0
4294967169
78
4294967274
126
4294967294
4294967172
24
4294967295
127
4294967182
72
4294967231
58
4294967230
58
4294967228
58
4294967228
58
127
4294967295
0
0
0
113
127
0
127
4294967168
16
4294967168
16
127
16
127
16
40
4294967168
42
0
21
0
52
68
94
4294967273
4294967242
65
109
69
90
68
4294967295
127
4294967295
63
31
0
4294967198
15
0
4294967169
60
4294967279
127
4294967294
4294967178
24
4294967295
127
4294967259
73
27
61
26
61
24
61
24
61
127
4294967295
0
0
0
113
127
0
127
4294967168
16
4294967168
16
4294967168
16
4294967168
16
40
4294967168
42
0
21
0
52
68
53
4294967273
4294967242
65
29
4294967269
88
68
4294967295
127
4294967295
63
21
0
4294967218
15
0
4294967169
4294967206
4294967273
127
4294967293
4294967185
24
4294967295
127
40
75
4294967171
63
4294967170
63
4294967168
63
4294967168
63
127
4294967295
0
0
0
113
127
0
127
4294967168
16
4294967168
16
4294967168
16
4294967168
16
40
4294967168
42
0
21
0
52
68
4294967278
4294967271
4294967242
65
4294967186
126
87
68
4294967295    <-12
127
4294967295
63
20
0
4294967232
15
0
4294967169
4294967185
4294967271
4294967170
9
4294967189
24
4294967295
127
117
76
4294967286
65
4294967285
65
4294967283
65
4294967283
65
127
4294967295
0
0
0
115
127
0
127
4294967168
16
4294967168
16
4294967168
16
4294967168
16
40
4294967168
42
0
21
0
52
68
4294967241
4294967271
4294967242
65
4294967173
19
86
68
4294967295
127
4294967295
63
18
0
4294967244
15
0
4294967169
116
4294967271
4294967169
11
4294967193
24
4294967295
127
4294967234
77
113
68
112
68
110
68
110
68
127
4294967295
0
0
0
119
127
0
127
4294967168
16
4294967168
16
4294967168
16
4294967168
16
40
4294967168
42
0
21
0
52
68
4294967198
4294967272
4294967242
65
6
4294967204
84
68
4294967295
127
4294967295
63
17
0
4294967256
15
0
4294967169
4294967241
4294967266
0
4294967294
4294967198
24
4294967295
127
16
79
4294967284
70
4294967283
70
4294967281
70
4294967281
70
127
4294967295
0
0
0
120
127
0
127
4294967168
16
4294967168
16
4294967168
16
4294967168
16
40
4294967168
42
0
21
0
52
68
39
4294967273
4294967242
65
20
48
83
68
4294967295
127
4294967295
63
18
0
4294967268
15
0
4294967169
4294967247
4294967270
0
4294967286
4294967202
24
4294967295
127
37
79
126
73
125
73
123
73
123
73
127
4294967295
0
0
0
119
127
0
127
4294967168
16
4294967168
16
4294967168
16
4294967168
16
40
4294967168
42
0
21
0
52
68
4294967257
4294967272
4294967242
65
4294967217
4294967223
81
68
4294967295    <-13
127
4294967295
63
20
0
4294967280
15
0
4294967169
100
4294967264
0
4294967267
4294967206
24
4294967295
127
115
80
17
76
15
76
14
76
14
76
127
4294967295
0
0
0
118
127
0
127
4294967168
16
4294967168
16
4294967168
16
4294967168
16
40
4294967168
42
0
21
0
52
68
81
4294967272
4294967242
65
4294967260
58
80
68
4294967295
127
4294967295
63
19
0
4294967292
15
0
4294967169
27
4294967269
4294967169
6
4294967210
24
4294967295
127
4294967232
81
4294967211
78
4294967209
78
4294967205
91
4294967242
4294967168
16
4294967168
16
4294967168
16
40
4294967168
42
0
21
0
52
68
81
4294967272
4294967242
65
27
110
37
4294967243
4294967265
16
40
4294967168
42
0
21
0
4294967170
123
68
4294967295
127
4294967295
4294967179
19
44
72
4294967240
0
4294967198
0
0
0
0
0
0
0
0
0
0
0
0
0
0
0
0
0
0
0
0
0
0
0
0
0
0
0
0
0
0
0
0
0
0
0
0
