32767    <--0
16383
0
-32768
0
-32768
0
5957
32767
0
0
0
0
0
127
0
32512
127
32639
32512
32512
32512
10240
0
0
13312
-30140
-12090
-23231
32047
-188
-129
6207
-26368
-16125
-10543
244
19968
-233
-11393
1542
1536
1536
1536
32512
255
0
32633
32512
4230
4230
4230
4230
-32726
106
7
17460
3601
16848
8728
17533
32767
16388
38
1099
-30271
-3755
20992
5975
32767
3932
29
29
29
29
-129
0
27392
127
-32641
-32752
-32752
-32752
10768
27264
2304
13312
-21948
-12273
24385
32010
-188
1407
11072
-4096
-16123
1922
236
24787
-233
21887
18190
18176
18176
18176
32512
255
0
32614
32512
4224
4224
4224
4224
-32726
106
9
17460
4735
16848
-6026
17532
32767    <--1
16387
59
1818
-32192
-3730
-4096
5994
32767
4462
130
130
130
130
-129
0
27136
127
-32641
-32752
-32752
-32752
10256
27264
2304
13312
2372
-12265
26945
31932
-188
383
20800
-512
16903
-32638
239
29675
-233
24959
-12522
-12544
-12544
-12544
32512
255
0
32622
32512
4224
4224
4224
4224
-32728
106
9
17460
5976
16848
-31151
17532
32767
16383
85
2231
-32063
-4697
-3714
6013
32767
6996
301
301
301
301
-129
0
28160
127
-32385
-32496
-32752
-32752
10256
27264
2304
13312
-13756
-12273
15169
31814
-188
-129
13375
21504
-16119
11651
32759
-31232
-233
18303
-25056
-25087
-25087
-25087
32513
255
0
32621
32512
4226
4226
4224
4224
-32728
106
9
17460
-8860
16847
-904
17531
32767    <--2
16383
-160
2526
-31295
-1145
127
6032
32767
9530
544
544
544
544
-129
0
27648
127
-31873
-31984
-32752
-32752
10256
27264
2304
13312
21572
-12414
-22719
31656
-188
-129
-7105
24061
-16118
13189
32764
-26112
-233
-25473
-19412
-19454
-19454
-19454
32514
255
0
32620
32512
4224
4224
4224
4224
-32728
106
9
17460
2310
16847
18775
17531
32767
16384
-787
2772
-31039
-3674
1406
6053
32767
12687
860
860
860
860
-129
0
27648
127
-32641
-32752
-31984
-31984
10256
27264
2304
13312
-15548
-12758
-26559
31453
-188
383
28736
16381
-16117
-17529
250
-20736
-233
-32129
6198
6148
6148
6148
32516
255
0
32620
32512
4224
4224
4225
4225
-32728
106
9
17460
20706
16845
26131
17530
32767    <--3
16385
-424
2973
-31039
-2196
512
6074
32767
15221
1256
1256
1256
1256
-129
0
27648
127
-32385
-32496
-32752
-32752
10256
27264
2304
13312
-28604
-13202
2625
31204
-188
639
26688
-3330
-16117
14215
-32266
-15360
-233
-10625
-13246
-13307
-13307
-13307
32517
255
0
32620
32512
4226
4226
4224
4224
-32728
106
9
17460
31389
16843
22370
17529
32767
16386
-513
3135
-31295
-2826
2560
6094
32767
18377
1731
1731
1731
1731
-129
0
27648
127
-32641
-32752
-32752
-32752
10256
27264
4608
13312
31556
-13589
25409
30910
68
1920
-25792
-30977
-16116
19077
254
-10240
-233
-17281
-12980
-13049
-12793
-12793
32519
255
0
32621
32512
4224
4224
2433
2433
-32728
106
-8
17459
-3962
16842
6957
17528
-32768    <--4
16372
166
3267
-31807
-1434
1922
6114
32767
20911
2285
2283
2282
2282
-129
0
27648
127
-32129
-32240
-32752
-32752
10256
27264
4352
13312
1092
-13607
15681
30575
68
1408
-12736
-257
-16372
30594
-32010
-5341
-233
-23937
6742
6410
5898
5898
32522
255
0
32620
32512
4224
4224
4224
4224
-32728
106
32
17460
-8541
16842
-17813
17526
32767
16400
-56
3346
-32064
-3118
1792
6126
32767
21960
2902
2901
2900
2900
-129
0
28416
127
-32641
-32752
-32752
-32752
10512
10880
6144
13312
25924
-13613
-29887
30212
-188
2687
-1472
4863
17677
-11902
243
-4395
-233
18047
-27577
-27892
-28404
-28404
32524
255
0
32638
32512
4224
4224
4224
4224
-32727
42
13
17460
-10002
16842
20147
17525
32767    <--5
16385
25
3346
-32192
-3566
-13824
6126
32767
14533
3538
3537
3535
3535
-129
0
-31488
127
-32641
-32752
-32752
-32752
10512
10880
768
13312
20804
-13599
-2751
29846
-188
-1665
9791
12288
16397
18818
239
-2903
-233
27775
4918
4623
4367
4367
32527
255
0
32639
32512
4224
4224
4224
4224
-32728
42
-1
17459
-7190
16842
-10124
17523
32767
16374
39
3413
-32192
-4711
15490
6138
32767
14576
4193
4191
4190
4190
-129
0
28928
127
-32641
-32752
32528
32528
10256
10880
2816
13312
-24508
-13591
-9407
29458
-188
-385
7231
30720
16653
-11134
-32016
338
-232
15743
-17862
-18159
-18671
-18671
32529
255
0
32619
32512
4224
4224
4224
4224
-32728
42
21
17460
-5099
16842
17990
17522
32767    <--6
16389
22
3482
-32512
-5125
31231
6151
32767
15554
4896
4895
4893
4893
-129
0
28160
127
-32641
-32752
-32752
-32752
10256
10880
5376
13312
3652
-13591
-20159
29042
-188
895
6976
-17664
-17139
-14206
238
3770
-232
18047
-28097
-28396
-28908
-28908
32532
255
0
32627
32512
4224
4224
4224
4224
-32728
42
21
17460
-6707
16842
-26593
17520
32767
16382
34
3547
-32512
-4542
-26368
6164
32767
16531
5648
5647
5645
5645
-129
0
29696
127
-32641
-32752
32528
32528
10256
10880
5376
13312
26692
-13594
-27839
28598
-188
-1153
8511
-1536
13
-18047
32746
6923
-232
6271
-25789
-26089
-26601
-26601
32535
255
0
32626
32512
4224
4224
4223
4224
-32728
42
21
17460
-5870
16842
-12788
17518
32767    <--7
16381
28
3608
-32512
-4720
22914
6177
32767
17509
6449
6448
6447
6447
-129
0
28928
127
-32641
-32752
-32752
-32752
10256
10880
5376
13312
-4028
-13591
-30399
28126
-188
383
6720
13568
14
3201
235
10343
-232
-5761
-11194
-11494
-11750
-11750
32538
255
0
32625
32512
4224
4224
4224
4224
-32728
42
21
17460
-6034
16842
-6136
17516
32767
16385
29
3665
-32512
-5373
-15360
6190
32767
18798
7299
7298
7297
7297
-129
0
29184
127
-32641
-32752
-32752
-32752
10256
10880
5376
13312
4676
-13593
-29887
27626
-188
-129
8255
27904
14
-30079
491
13705
-232
-17537
16202
15902
15390
15390
32542
255
0
32626
32512
4224
4224
4223
4223
-32728
42
21
17460
-6278
16842
-6638
17514
32767    <--8
16381
31
3720
-32512
-6030
-7810
6203
32767
19775
8198
8197
8196
8196
-129
0
29184
127
-32641
-32752
32528
-32752
10256
10880
5376
13312
-20924
-13592
-25023
27098
-188
-385
7231
-24064
14
2433
-32022
16993
-232
-15233
-9649
-9951
-10463
-10463
32545
255
0
32625
32512
4224
4224
4224
4224
-32728
42
21
17460
-5900
16842
-14290
17512
32767
16384
28
3771
-32512
-5832
25088
6216
32767
20753
9146
9145
9143
9143
-129
0
28928
127
-32641
-32752
-32752
-32752
10256
10880
5376
13312
15172
-13592
-16319
26542
-188
127
7744
-11264
14
-11903
230
20438
-232
-27265
-22957
-23259
-23771
-23771
32549
255
0
32626
32512
4224
4224
4224
4224
-32728
42
21
17460
-6184
16842
-28896
17510
32767    <--9
16383
26
3808
-32068
-3919
-2434
6226
32767
20868
10141
10140
10138
10138
-129
0
29440
127
-32641
-32752
-32752
-32752
10512
10880
5376
13312
23620
-13591
-20927
25966
-188
-385
-705
-7937
14
14209
32754
21246
-232
639
-27069
-27351
-27863
-27863
32553
255
0
32637
32512
4224
4224
4224
4224
-32727
42
21
17460
-5608
16842
19660
17508
32767
16382
-12
3824
-32512
-3673
1024
6230
32767
15931
11153
11152
11150
11150
-129
0
-32768
127
-32641
-32752
-32752
-32752
10256
10880
5376
13312
-15292
-13593
12097
25380
-188
-129
7999
2048
15
1665
244
23810
-232
-30593
-26561
-27091
-27347
-27347
32557
255
0
32629
32512
4224
4224
4224
4224
-32728
42
21
17460
-6345
16842
-2908
17505
32767    <--10
16383
60
3870
-32512
-7363
-12032
6243
32767
16597
12202
12201
12199
12199
-129
0
27904
127
-32641
-32752
32528
32528
10256
10880
5376
13312
29252
-13591
18753
24766
-188
-129
10303
13568
15
30337
32754
27390
-232
8831
-14014
-14287
-14799
-14799
32561
255
0
32622
32512
4224
4224
4223
4223
-32728
42
21
17460
-5683
16842
-32514
17503
32767
16383
13
3915
-32068
-4270
-130
6256
32767
17575
13300
13299
13297
13297
-129
0
29184
127
-32641
-32752
-32752
-32752
10256
10880
5376
13312
-10684
-13593
-25279
24124
-188
-129
3647
24576
-17393
-10110
239
30466
-232
-2945
11333
10806
10550
10550
32566
255
0
32627
32512
4224
4224
4224
4224
-32728
42
21
17460
-6509
16842
-3803
17500
32767    <--11
16383
35
3958
-32512
-4079
512
6269
32767
18241
14447
14446
14444
14444
-129
0
29184
127
-32641
-32752
32528
32528
10256
10880
5376
13312
-18108
-13593
-15807
23454
-188
-129
10815
-30208
15
20097
32490
-31490
-232
-29057
-16568
-16838
-17350
-17350
32570
255
0
32625
32512
4224
4224
4223
4223
-32728
42
21
17460
-5794
16842
17773
17498
32767
16383
31
3998
-32512
-4292
-385
6282
32767
18907
15643
15642
15640
15640
-129
0
28928
127
-32641
-32752
-32752
-32752
10256
10880
5376
13312
13636
-13591
7489
22757
-188
-129
5439
-19968
15
-22911
32745
-28163
-232
10367
-31925
-32193
-32705
-32705
32575
255
0
32625
32512
4224
4224
4224
4224
-32728
42
21
17460
-6162
16842
32402
17495
32767    <--12
16383
20
4032
-32512
-6255
2434
6293
32767
19573
16886
16885
16883
16883
-129
0
29440
127
-32641
-32752
-32752
-32752
10256
10880
5376
13312
-14012
-13593
-31423
22035
-188
-129
4671
-13312
15
29825
-32281
-26357
-232
-15745
29005
28740
28228
28228
32580
255
0
32631
32512
4224
4224
4224
4224
-32728
42
21
17460
-5986
16842
-23546
17492
32767
16383
17
4056
-32512
-7479
-512
6302
32767
20240
18164
18163
18161
18161
-129
0
30720
127
-32641
-32752
-32752
-32752
10256
10880
5376
13312
10052
-13591
5185
21296
-188
-129
4671
-7168
15
-12415
230
-23818
-232
9599
32335
32073
31561
31561
32585
255
0
32631
32512
4224
4224
4224
4224
-32728
42
21
17460
-5927
16842
-18511
17489
32767    <--13
16383
20
4080
-32512
-8092
-7424
6310
32767
20595
19473
19471
19470
19470
-129
0
30208
127
-32641
-32752
-32752
-32752
10256
10880
5376
13312
20804
-13592
-9151
20538
-188
-129
4927
-1024
15
7041
-32283
-22010
-232
-16257
-21679
-22194
-23218
-13733
4224
4224
4224
-32728
42
21
17460
-6063
16842
28187
-13531
4321
-32728
42
21
31618
-188
-129
5003
18476
200
158
0
0
0
0
0
0
0
0
0
0
0
0
0
0
0
0
0
