875.2  114.21  912
876.366  114.009  911.999
880.027  113.989  911.81
886.143  113.677  910.48
894.161  113.385  906.35
902.142  113.38  898.667
907.627  112.832  888.161
908.86  109.631  874.459
901.316  107.051  859.85
884.307  108.888  849.878
858.858  110.359  843.992
817.665  111.18  840.72
777.534  112.17  838.894
733.165  113.511  840.398
688.717  112.281  841.997
643.713  112.462  843.374
576.063  109.541  845.312
531.636  102.67  846.586
487.723  91.9061  847.844
441.51  79.8208  849.081
388.726  73.4276  849.469
284.976  73.3556  815.851
235.663  72.2061  789.783
190.123  72.0628  757.019
155.485  72.0569  712.125
134.346  72.0365  658.647
123.941  72.0411  601.25
122.088  72.0434  542.063
122.525  72.5082  482.21
123.792  82.2703  425.557
126.577  129.747  431.442
130.162  118.82  474.774
134.037  73.3748  447.176
137.109  73.368  395.627
144.406  67.3538  292.243
149.821  64.0219  240.602
166.378  64.0555  190.619
197.487  64.0662  147.349
241.081  64.0638  115.54
294.049  64.0429  97.9673
353.925  64.038  89.6778
418.151  64.0684  90.9485
485.471  63.9795  99.8993
553.796  62.9635  108.299
88.5002  605.368  60.8489
673.691  57.3828  127.255
740.769  63.2786  146.069
805.923  84.0237  158.356
870.274  105.098  153.399
933.61  117.666  135.598
989.224  97.0872  120.728
952.157  57.4243  112.432
887.494  57.359  111.302
822.711  55.3955  112.625
758.702  49.4796  113.931
694.534  48.059  119.773
632.713  48.0488  140.044
576.23  48.041  173.985
526.378  48.039  218.278
483.077  48.0422  270.116
446.986  48.0302  328.175
416.198  48.0403  390.203
394.664  57.0672  455.691
386.858  70.1659  523.4
386.593  79.9975  591.154
419.203  82.4014  648.526
480.405  77.0909  670.634
545.397  64.3685  669.654
609.575  48.0235  659.042
674.569  41.3591  638.535
742.935  41.3872  628.001
804.599  66.3311  622.239
861.411  94.7951  611.695
912.622  120.4  586.088
953.737  140.951  545.113
981.163  154.666  492.484
992.639  160.405  433.025
987.466  157.723  371.858
966.769  152.184  312.979
931.553  152.074  260.093
884.81  152.022  215.916
831.849  152.035  177.891
774.054  152.032  145.943
711.2  152.078  123.643
644.185  152.02  115.145
576.12  152.599  110.248
508.338  152.05  103.525
440.852  152.209  89.5998
373.249  153.518  72.7327
305.731  154.643  55.2793
237.369  162.795  41.9011
168.486  173.763  35.1358
99.6652  182.453  33.3916
35.9697  185.943  54.8444
2.64814  184.764  112.473
15.1791  180.441  177.23
66.4111  172.877  217.886
131.97  160.919  221.793
197.93  146.726  214.024
264.173  137.631  195.925
333.28  137.412  183.447
404.355  137.363  182.153
475.769  136.09  183.243
539.464  153.897  187.383
511.366  198.597  193.65
484.084  155.447  198.456
537.357  137.367  200.449
597.903  137.364  200.906
658.75  135.973  201.762
718.907  130.674  202.612
778.354  121.459  203.451
837.099  108.378  204.28
895.142  91.4758  205.099
954.259  76.081  206.266
1016.2  73.3545  207.7
