988.3    <--0
33.57
560
-2.01953
-0
-0
6.36541e-25
4.59163e-41
0
0
1.77965e-43
1.17087e-38
1.70803e+38
1.70801e+38
1.43493e-41
2.95648e+33
1.99894e-35
9.86084e-32
-1.59505e+37
2.25155e+15
-2.36369e-38
1.70834e+07
1.80141e+16
1.50482e-36
1.50482e-36
2.34636e-38
3.36295e+38
5.34438e-29
5.32736e-29
-3.86302e-39
1.24133e-34
6.05271e+25
7.58367e-40
1.99426
-nan
1.24909e-38
-6.68326e+07
nan
2.11684e-39
2.11225e-39
-3.38954e+38
3.96141e+28
-1.16633e-38
-1.51531e-39
1.28342e-13
-6.47073e-27
4.1603e-20
1.53056e-28
-2.60591e+38
-4.98209e+35
-9.80889e-38
2.2222e-38
-2.01203e+38
0.00218877
0.00195664
1.70448e+38
3.57331e-43
1.70803e+38
5.05125e-29
5.05125e-29
3.90307e-39
987.309    <--1
33.3511
560
-1.83789
7.636e-35
-8.75479e+30
7.48257e-25
9.24939e-29
1.03776e-38
1.03776e-38
9.16547e-41
1.17004e-38
-1.51546e-39
-1.51531e-39
2.27652e-13
1.73086e+33
1.11107e-35
9.86065e-32
-8.44429e+14
-7.99081
-1.78319e-15
1.39643e+30
-1.15291e+18
-3.0689e-05
-3.06889e-05
2.34636e-38
3.15027e+38
5.06828e-29
5.05125e-29
-3.67934e-39
5.35458e+33
4.6196e+28
-nan
2.00415
-nan
1.19417e-38
2062.67
nan
2.68352e-38
2.68167e-38
-3.38959e+38
9.90352e+27
-4.68365e-38
-1.51567e-39
8.02137e-15
2.47909e+27
-2.60015e-21
-2.57898e+38
6.24912e-39
-1.36319e-12
-1.00766e-37
-4.03461e+37
-2.01396e+38
1.32726e+37
1.07575e+37
1.72119e+38
3.57331e-43
1.70803e+38
5.0907e-29
5.05125e-29
3.90306e-39
983.801    <--2
33.3525
560
-1.82227
4.3574e-33
-8.54191e+28
9.14284e-25
7.91468e-17
9.1471e-38
9.1471e-38
9.16547e-41
1.17019e-38
-1.51546e-39
-1.51531e-39
2.27652e-13
4.10451e+32
1.09608e-35
9.86065e-32
-9.06699e+23
7.44441e-09
-2.41667e-35
-2.15674e-25
-5.68426e-14
-9.81983e-35
-9.81979e-35
2.34636e-38
3.13698e+38
5.06828e-29
5.05125e-29
-3.67934e-39
13184
5.64006e+26
-nan
2.00415
-nan
1.15751e-38
-2.99682e-36
nan
4.94243e-37
4.93744e-37
-3.3897e+38
6.1897e+26
-1.16633e-38
-1.51531e-39
8.02137e-15
-1.77866e-15
4.57411e-08
-2.57898e+38
6.24912e-39
-5.32444e-15
-1.0213e-37
1.55598e+38
-2.01593e+38
-3.15886e+15
-2.31949e+15
1.75256e+38
3.57331e-43
1.70803e+38
5.0907e-29
5.05125e-29
3.90306e-39
977.765    <--3
33.3551
560
-1.71289
4.25628e-32
-2.41401e+29
1.15349e-24
6.22272e-05
3.69148e-36
3.69148e-36
9.16547e-41
1.17019e-38
-8.72615e-40
-1.5153e-39
2.27652e-13
3.91728e+31
1.0999e-35
9.86065e-32
-3.54179e+21
-1.16308e-10
2.5952e-26
-0.0154421
3.24514e+32
2.64318e+30
2.64316e+30
2.34636e-38
3.13698e+38
5.06828e-29
5.05125e-29
-3.67934e-39
1.58457e+31
5.44825e+25
-nan
2.00415
-nan
1.18511e-38
-3.81831e-37
nan
4.06739e-35
4.06297e-35
-3.38986e+38
6.1897e+26
-1.16633e-38
-1.51531e-39
8.02137e-15
1.86506e-09
-1.11668e-11
-2.57898e+38
6.24912e-39
-3.57368e-07
-2.5762e-38
8.74044e-38
-2.01791e+38
5.35146e+10
3.63237e+10
1.79866e+38
3.57331e-43
1.70803e+38
5.05125e-29
5.05125e-29
3.90306e-39
969.203    <--4
33.3557
560
-1.69727
2.04917e-31
-1.66984e+25
1.39897e-24
5.41327e+07
6.59127e-34
6.59127e-34
9.16547e-41
1.17019e-38
-1.51546e-39
-1.51531e-39
2.27652e-13
1.69145e+30
1.10668e-35
9.86065e-32
-8.64696e+17
-127.857
-2.72126e-20
-2.92855e+20
15.9998
2.78814e+33
2.78812e+33
2.34636e-38
3.13698e+38
5.06828e-29
5.05125e-29
-3.67934e-39
-8.10831e+37
8.23685e+25
-nan
2.00415
-nan
1.19433e-38
5.17013e+33
nan
1.58251e-32
1.57966e-32
-3.39008e+38
6.1897e+26
-1.16633e-38
-1.51531e-39
8.02137e-15
-1.03532e-25
1.4432e-37
-2.57898e+38
6.24912e-39
-95.9438
-1.03648e-37
1.60102e+38
-2.01957e+38
-6.21953e+19
-4.03163e+19
1.85926e+38
3.57331e-43
1.70803e+38
5.05125e-29
5.05125e-29
3.90307e-39
958.309    <--5
33.3523
560
-1.90039
4.56059e-31
-1.46574e+31
1.54767e-24
813056
4.90115e-31
4.90115e-31
9.16547e-41
1.17079e-38
-1.51546e-39
-1.51531e-39
2.27659e-13
3.43516e+28
1.11094e-35
9.86065e-32
2.25696e-36
4.03968e-28
0.00012254
-7.84532e+28
-4095.94
6.41151e+17
6.41148e+17
2.34636e-38
nan
5.06828e-29
5.05125e-29
-3.77117e-39
1.22125e-15
3.9469e+30
-nan
2.00415
1.63009e-39
1.1576e-38
-3.18773e-37
nan
1.55022e-29
1.54874e-29
-3.39034e+38
-0
-1.16633e-38
-1.51531e-39
8.02137e-15
-1.50658e-36
0.00299724
-2.57899e+38
6.24912e-39
-4.42589e+20
4.6963e+37
2.24516e-38
-2.02014e+38
-5.57647e+25
-4.37977e+25
1.92624e+38
3.57331e-43
1.70803e+38
5.05125e-29
5.03026e-29
3.90306e-39
946.551    <--6
33.3638
560
-1.75977
7.58043e-31
-4.93492e+23
1.66163e-24
0.00205231
6.12381e-28
6.12381e-28
9.16547e-41
1.17015e-38
-1.51546e-39
1.92069e+38
2.27652e-13
5.20433e+26
1.15416e-35
9.86065e-32
-9.2846e+26
-1.65329e-24
-6.67231e+35
1.91458e-34
1.0995e+12
-2.0491e-15
-2.04909e-15
2.34636e-38
3.16356e+38
5.06828e-29
5.05125e-29
-3.67934e-39
2.36275e-36
1.04751e+32
-nan
2.00415
-nan
1.19435e-38
2.12625e+37
nan
3.07457e-26
3.07128e-26
-3.39063e+38
1.01412e+31
-1.16633e-38
-1.51531e-39
8.02137e-15
0.00782263
0.000749263
-2.57899e+38
6.24912e-39
-1.21683e+32
-2.6054e-38
-5.28358e+14
-2.02149e+38
-1.55215e-25
-1.21643e-25
2.00163e+38
3.57331e-43
1.70803e+38
5.05125e-29
5.05125e-29
3.90306e-39
933.142    <--7
33.3624
560
-1.86914
1.53458e-30
-4.28332e+29
1.99697e-24
84.75
2.05624e-24
2.05624e-24
9.16547e-41
1.1704e-38
-1.51546e-39
1.92069e+38
2.27652e-13
4.2505e+24
1.14854e-35
9.86065e-32
-2.32115e+26
4.13317e-25
3.36845e+07
8.53821e-19
5.82069e-11
-5.72607e-07
-5.72605e-07
2.34636e-38
3.20344e+38
5.06828e-29
5.03026e-29
-3.67934e-39
2.773e+30
1.8288e+32
-nan
2.00415
-nan
1.18519e-38
8.43849e+37
nan
1.78072e-22
1.77932e-22
-3.39095e+38
6.33825e+29
-1.16633e-38
-1.51531e-39
8.02137e-15
4.14127e-25
-2.30867e-36
-2.57899e+38
6.24912e-39
-1.85658e+27
-2.61387e-38
1.5593e+38
-2.02284e+38
9.45088e-36
7.38304e-36
2.08715e+38
3.57331e-43
1.70803e+38
5.05125e-29
5.05125e-29
3.90306e-39
917.986    <--8
33.3628
560
-1.91602
2.90892e-30
-6.9248e+27
2.33306e-24
1.7367e+07
2.03415e-20
2.03415e-20
9.16547e-41
1.1704e-38
-1.51546e-39
-1.51531e-39
2.27652e-13
1.85298e+22
1.14468e-35
9.86065e-32
-2.37686e+29
-9.62491e-35
-4.35362e-19
0.00399791
-6.87185e+10
-1.20768e-34
-1.20768e-34
2.34637e-38
3.21673e+38
3.09343e-33
5.02972e-29
-3.67934e-39
2.10451e+29
5.80797e+31
-nan
2.00415
-nan
1.16684e-38
1.07097e+37
nan
2.9451e-18
2.94272e-18
-3.39131e+38
2.5353e+30
-1.16633e-38
-1.51531e-39
8.02137e-15
0.00195566
-4.57243e-08
-2.57899e+38
6.24912e-39
-7.08157e+21
-1.04859e-37
9.81539e+36
-2.02419e+38
0.000198973
0.000156615
2.1829e+38
3.57331e-43
1.70803e+38
5.05125e-29
5.05125e-29
3.90306e-39
901.083    <--9
33.3636
560
-1.9082
5.20154e-30
-4.19668e+20
2.66817e-24
7.19407e+11
5.69506e-16
5.69506e-16
9.16547e-41
1.1704e-38
-1.51546e-39
-1.51531e-39
2.27652e-13
4.78541e+19
1.14648e-35
9.86065e-32
-2.4339e+32
-1.47522e+20
1.78335e-15
2.73808e+11
2.68432e+08
3.47628e-23
3.47627e-23
2.34637e-38
3.23002e+38
5.06828e-29
5.05125e-29
-3.77117e-39
1.71153e-35
7.51929e+31
-nan
2.00415
6.8878e-41
1.15766e-38
4.55077e+37
nan
406.53
-1.17495e-38
-1.51531e-39
3.20855e-14
2.27669e-13
9.83511e-32
-6.08476e+31
-5.49552e+11
-2.61739e-38
-2.61739e-38
5.54653e-30
-1.10121e+20
-2.61186e-38
3.60765e-34
-9.90707e+27
-2.22623e+11
7.14767e+13
-6.71427e+07
5.30175e-31
5.30174e-31
-2.83791e+38
5.09864e-29
3.90306e-39
896.594    <--10
33.3631
-0.00958252
4.88892e+31
4.56059e-31
-1.46574e+31
1.54767e-24
1.16685e-38
-1.88044e-37
-1.51541e-39
3.348e-11
3.34649e-11
1.76169e+13
9.94076e+32
2.27652e-13
4.78541e+19
1.14648e-35
4.03892e-28
-1.47723e-34
-1.47522e+20
1.78335e-15
-24562.5
4.75588e+37
2.14755e-38
5.06404e-29
1.67938e-16
1.52782e-16
3.47385e-29
5.05125e-29
-3.67934e-39
5.35458e+33
5.80797e+31
-nan
873.363
-nan
1.18517e-38
8.43891e+37
8.87465e-30
-3.5455e+30
-9.68829e-39
117.75
1.13619e-08
1.13619e-08
-1.51531e-39
8.02137e-15
-1.50658e-36
1.17057e-05
-2.57899e+38
2.71655e+15
-1.68218e+13
-2.60067e-38
-1.57703e+35
2.0967e+06
-1.82621e-12
3.15055e+29
6.10659e-05
3.48996e+27
3.48996e+27
5.05121e-29
5.05125e-29
3.90306e-39
901.083    <--11
33.3636
-7.80653e+13
5.14244e+31
9.36768e-31
-9.94321e+30
-nan
1.18523e-38
-1.85092e-37
-1.51545e-39
4.86587e-06
4.86414e-06
-1.48897e-39
-1.51531e-39
2.27652e-13
5.14502e+25
1.14365e-35
-4.13586e-25
1.01945e+36
-9.62491e-35
-4.35362e-19
0.00399791
1.90682e+38
3.22054e-20
5.06798e-29
-2.34728e+23
-2.18291e+23
3.6465e-29
5.05125e-29
-3.67934e-39
1.66978e-13
5.80797e+31
-nan
852.902
-nan
1.18517e-38
8.43891e+37
1.36078e-29
-4.74129e+24
-1.20753e-38
163328
0.00276537
0.00276537
1.92074e+38
8.02116e-15
9.87355e-32
3.87339e-29
-2.57899e+38
1.93166e+12
-7.04749e+19
-2.61186e-38
3.98385e+37
-2.01374e-21
1.6218e-27
-8.09383e-33
-5.55391e-17
-3.73848e-29
-3.73848e-29
5.05121e-29
5.05125e-29
3.90306e-39
901.083    <--12
33.3636
-2.64486e-38
9.27076e+31
2.21867e-30
-1.21938e+29
7.48269e-25
1.18524e-38
8.50427e+37
-1.51549e-39
1.93201
1.93164
-1.49231e-39
-1.51531e-39
2.27652e-13
2.27486e+20
1.14889e-35
-3.5184e+13
3.87167e-29
1.19152e-07
-2056.07
-3.57756e+26
-1.05611e-37
nan
5.07174e-29
6.20312e+25
5.87583e+25
3.83416e-29
5.05125e-29
-3.67934e-39
1.66978e-13
1.47576e+31
-nan
830.75
-nan
1.18517e-38
-1.94492
2.01159e-29
-6.91362e+24
-1.4096e-38
2.22823e+08
1826.15
1826.15
-1.51531e-39
8.01942e-15
0.00782263
0.000749263
-2.57899e+38
8.08616e+08
-1.67861e+13
-2.60067e-38
-3.94258e+34
-2.25124e+15
-1.06286e-22
-3.73233e-21
-8.67798e-19
2.3541e+23
2.35409e+23
5.05122e-29
4.89221e-29
3.90306e-39
936.66    <--13
33.3625
-1.60432e+08
-1.75977
7.58043e-31
-4.93492e+23
-nan
1.16688e-38
-9.47041e-38
-1.51551e-39
1.97683e+06
1.97664e+06
-1.49589e-39
2.93081e+33
2.27652e-13
5.14502e+25
1.14365e-35
-1.62257e+32
2.31743e+23
8.58741e+09
-6.80295e-21
5.74109e-11
-2.64365e-38
1.51387e+38
5.07436e-29
-1.52827e-37
-1.50249e-37
-7.02624e-39
559.99
-3.67932e-39
4.68378e-16
3.36351e+31
-nan
807.381
-nan
1.18519e-38
5.29441e+36
2.48491e-29
-5.34224e+22
-1.56571e-38
5.62373e+10
2.62243e+09
2.62243e+09
9.83511e-32
8.01925e-15
9.64214e-35
-3.37371e+12
-2.57899e+38
220496
-3.82893
4.70085e+37
-3.74521e+34
3.85085e-34
-4.52227e-41
-5.79802e-11
1.52665e-05
-0.0512059
-0.0512059
-2.83792e+38
4.85674e-29
3.90306e-39
896.594    <--14
33.3631
-1.12743e+11
2.11208e+33
7.58043e-31
-4.93492e+23
-nan
1.16689e-38
-1.51492e-36
-1.51554e-39
3.97413e+12
3.97421e+12
1.76375e+13
9.94076e+32
2.27652e-13
4.78541e+19
1.14648e-35
-2.30582e+18
9.67689e-30
6.48408e+32
-3.44919e+10
-2.97063e+28
-2.64701e-38
2.10174e-38
5.07683e-29
2.74011e-24
2.78004e-24
-7.99842e-39
559.99
-3.67932e-39
4.68378e-16
3.36351e+31
-nan
782.898
-nan
1.18519e-38
5.29441e+36
3.33293e-29
-1.08808e+19
-1.71286e-38
2.50826e+13
7.33069e+15
7.33069e+15
9.83511e-32
8.01925e-15
9.64214e-35
-3.37371e+12
-2.57899e+38
41.6562
-1.18547e+27
-2.61387e-38
1.5593e+38
1.19176e-07
0.000490204
-0.248535
-8.47459e-22
-1.73997e-28
-1.73997e-28
-2.83792e+38
4.85674e-29
3.90306e-39
896.594    <--15
33.3631
-1.0551e-29
3.58153e+32
7.58043e-31
-4.93492e+23
-nan
1.16689e-38
4.28281e+37
-1.51556e-39
1.56611e+19
1.56633e+19
1.76434e+13
9.94076e+32
2.27652e-13
4.78541e+19
1.14648e-35
-2.64695e-23
8.4287e+11
6.48408e+32
-3.44919e+10
-2.97063e+28
1.91793e+38
nan
5.07945e-29
4.80505e-14
5.0218e-14
-9.01472e-39
559.99
-3.67932e-39
4.68378e-16
3.36351e+31
-nan
757.304
-nan
1.15761e-38
-1.94454
4.18096e-29
-1.98304e+21
-1.8688e-38
2.89392e+15
3.81905e+22
3.81905e+22
9.83511e-32
8.01925e-15
9.64214e-35
-3.37371e+12
-2.61742e-38
0.00541084
-3.84792
4.70085e+37
-1.53404e+38
6.50123e+11
-1.70074e-21
-4.17798e+06
-1.26281e-29
-1.04422e+18
-1.04423e+18
-2.83792e+38
4.95534e-29
3.90306e-39
896.594    <--16
3.19125e-30
8.55161e-30
1.06111e+33
7.58043e-31
-4.93492e+23
9.8724e-40
1.18526e-38
8.6351e+37
-1.51557e-39
1.11372e+26
1.11473e+26
1.76495e+13
-3.60081e-38
2.27652e-13
4.78541e+19
-4.47843e-38
3.22343e+38
1.11538e-11
-3.6894e+19
-2.31471e+18
2.72768e+11
1.91887e+38
2.22253e-38
5.08053e-29
-1.53243e-25
-1.91922e-25
-1.0064e-38
559.99
-3.67934e-39
4.68378e-16
3.36351e+31
-nan
731.052
-nan
1.19439e-38
8.40481e+37
4.55566e-29
-8.22002e+29
-1.93317e-38
0.301758
3.11267e+29
3.11267e+29
9.83511e-32
8.01925e-15
9.64214e-35
-3.37371e+12
-2.57899e+38
5.61835e-07
-4.53345e+21
-1.04859e-37
-3.65652e+28
2.5339e+30
-8223.77
-7.00702e+13
-9.31792e-10
1.83916e+25
1.83917e+25
5.05124e-29
5.05125e-29
3.90306e-39
908.66    <--17
33.3635
1.37539e+23
8.43071e+32
2.56379e-30
-9.55063e+25
-nan
1.18527e-38
1.71391e+38
-1.51559e-39
1.12693e+33
1.12802e+33
-1.51183e-39
-1.51531e-39
2.27652e-13
1.51939e+25
1.14297e-35
-2.52433e-29
1.78437e-10
6.48408e+32
-3.44919e+10
3.87302e+18
-2.65441e-38
5.74114e+29
5.08314e-29
5.41779e+16
7.01878e+16
4.91771e-29
5.05125e-29
-3.67933e-39
1.66978e-13
1.47576e+31
-nan
703.855
-nan
1.18517e-38
-1.96054
5.67979e-29
-3.55911e+28
-2.08934e-38
14.0313
4.66239e+36
4.66239e+36
-1.51531e-39
8.01964e-15
0.00782263
0.000749263
-2.57899e+38
4.1946e-11
-1.16038e+24
-2.62327e-38
1.50011e+38
-7.87406e-24
-4.15181e-25
-1.23253e+24
1.29873e+33
1.23515e+27
1.23515e+27
5.05125e-29
4.87249e-29
3.90306e-39
936.66    <--18
33.3625
5.0199e+32
6.01542e+32
2.56379e-30
-9.55063e+25
2.66817e-24
1.16691e-38
7.44105e+37
-1.51561e-39
-1.8846e-37
-1.88828e-37
1.76622e+13
9.94076e+32
2.27652e-13
4.78541e+19
1.14648e-35
-1.7347e-18
4.35578e-14
-1.65329e-24
-6.67231e+35
-1.18825e+29
-2.65735e-38
2.17424e-38
5.08561e-29
-6.46035e-22
-8.84166e-22
-1.22703e-38
559.99
-3.67932e-39
4.68378e-16
3.36351e+31
-nan
675.547
-nan
1.18517e-38
-1.96054
7.25751e-29
-4.90691e+21
-2.23628e-38
214.5
-1.15877e-33
-1.15877e-33
9.83511e-32
8.01925e-15
9.64214e-35
-3.37371e+12
-2.57899e+38
2.04003e-15
-1.68951e+13
-2.60067e-38
-3.94258e+34
-7.99802
-9.66758e-35
-5.29306e+33
0.0156329
-1.35325e+27
-1.35326e+27
-2.83793e+38
4.85674e-29
3.90306e-39
896.594    <--19
33.3631
0.255859
5.30553e+32
2.21867e-30
-1.21938e+29
-nan
1.16691e-38
-1.80662e-37
-1.51564e-39
-7.85262e-30
-7.86687e-30
1.7669e+13
9.94076e+32
2.27652e-13
4.78541e+19
1.14648e-35
-2.58491e-26
-9.94539e+32
1.19152e-07
-2056.07
-3.57756e+26
1.9251e+38
1.37587e+23
3.01743e-29
1.38779e+16
2.05975e+16
-1.34405e-38
559.99
-3.67932e-39
4.68378e-16
3.36351e+31
-nan
646.128
-nan
1.18517e-38
-1.94492
8.7169e-29
-6.08248e+24
6.84979e-24
10016
-6.36478e-26
-6.36478e-26
9.83511e-32
8.01925e-15
9.64214e-35
-3.37371e+12
-2.57899e+38
7.04708e-20
-1.69056e+13
-2.60067e-38
-1.57703e+35
-6.04322e+23
2.20768e+12
7.8511e-34
1.88171e-37
-5.77668e+24
-5.77672e+24
-2.83793e+38
4.85674e-29
3.90306e-39
896.594    <--20
33.3631
-2.51562
5.58441e+32
7.58043e-31
-4.93492e+23
-nan
1.18529e-38
-3.43694e-37
-1.47835e-39
-6.16352e-22
-6.17442e-22
1.76761e+13
9.94076e+32
2.27652e-13
4.78541e+19
1.14648e-35
1.54741e+26
-2.31524e+23
8.58737e+09
-6.80295e-21
5.74109e-11
1.92697e+38
nan
3.01866e-29
-1.00969e-26
-1.61135e-26
-1.46552e-38
559.99
-3.67932e-39
4.68378e-16
3.36351e+31
-nan
615.598
-nan
1.18519e-38
5.29441e+36
1.02552e-28
-1.68827e+23
7.67707e-24
463872
-6.6851e-18
-6.6851e-18
9.83511e-32
8.01925e-15
9.64214e-35
-3.37371e+12
-2.57899e+38
1.56818e-24
-1.18942e+27
-2.61387e-38
-3.80688e+34
2.46454e-32
4.67467e-10
3.28292e-24
-65568.2
-1.68725e+33
-1.49658e-38
559.99
-3.67932e-39
4.68378e-16
5.38161e+32    <--21
1.70141e+38
596.392
6.26903e+32
2.56379e-30
-9.55063e+25
-1.95064e+38
-1.26422e+21
5.23421e+37
1.81124e+06
-9.35533e-14
-9.35533e-14
9.83511e-32
8.01925e-15
9.64214e-35
-3.37371e+12
-nan
6.41516e-27
-3.80688e+34
2.45627e-32
-5.47729e+26
-6.89482e+17
3.46281e-21
-9.53055e-28
6.67582e+35
-3.63206e+11
1.32884e+07
2.27142e+07
6.83531e-29
3.90306e-39
896.594
-nan
-5.36663e+37
-9.55053e+25
-1.94053e+38
-1.26422e+21
7.88385e-24
-3.08991e-37
1.29762e-28
1.80768e-43
-3.66374e-14
2.2107e+07
-1.48932e-09
-1.48932e-09
8.01925e-15
9.64214e-35
-3.37371e+12
-2.57899e+38
5.61835e-07
2.44309e-29
-1.74589e-33
3.29478e-24
-2.16749e+11
3.6112e-12
-0.125492
5.64001e-14
-0.331685
2.47848e+13
2.4785e+13
4.85679e-29
3.90306e-39
896.594    <--22
33.3631
3.37658e-25
-9.79777e+27
2.21863e-30
-1.21938e+29
-nan
-1.26422e+21
1.1853e-38
1.07063e+37
-9.35522e-14
-2.74538e-05
-2.75038e-05
9.97481e+32
2.27652e-13
4.78541e+19
1.14648e-35
-3.43593e+10
-4.67795e-05
1.18765e-07
-2056.07
-3.57756e+26
-1.74589e-33
-2.66767e-38
3.71106e+37
-3.6334e+11
6.83016e+37
1.24612e+38
1499.96
-3.67932e-39
4.68378e-16
3.36351e+31
-nan
724.356
-1.83169e+38
1.18519e-38
-6.23356e-27
-3.10036e-37
1.56583e-28
-6.91759e+19
-4.03041e-14
1.00103e+09
-0.620104
-0.620104
8.01925e-15
9.64214e-35
-3.37371e+12
-2.57899e+38
5.61835e-07
2.7361e-34
-2.62565e-38
-2.43155e+33
-5.49584e+11
1.06584e+09
-6.80295e-21
0.000917417
-3.99252e-36
-24931.2
-24931.4
4.85679e-29
3.90306e-39
896.594    <--23
33.3631
3.37658e-25
-3.91394e-23
6.02161e-30
-1.21938e+29
-nan
5.2342e+37
1.1853e-38
6.69143e+35
-9.35523e-14
-15763.9
-15793.6
9.97769e+32
2.27652e-13
4.78541e+19
1.14648e-35
-3.43593e+10
7.13798e-10
-6.21192e+31
-2056.07
-3.57756e+26
-1.74589e-33
-2.67004e-38
1.45221e+38
-3.63482e+11
1.18409e-11
2.29851e-11
1617.43
-3.67932e-39
4.68378e-16
3.36351e+31
-nan
724.356
517.339
1.18521e-38
-6.23356e-27
1.09651e-28
1.82925e-28
-6.26009e+17
-4.40798e-14
1.53453e+10
-4.98712e+08
-4.98712e+08
8.01925e-15
9.64214e-35
-3.37371e+12
-2.57899e+38
5.61835e-07
-7.22784e+37
-2.62565e-38
-2.43155e+33
-5.49584e+11
7.86449e+28
3.95984e-31
4.30885e+06
5.56476e+06
-3.90605e-07
-3.90608e-07
4.8568e-29
3.90306e-39
896.594    <--24
33.3631
3.37658e-25
-1.25125e+38
6.02161e-30
-1.21938e+29
-nan
5.2342e+37
1.1853e-38
4.282e+37
-9.35524e-14
-1.79112e+13
-1.79817e+13
9.98067e+32
2.27652e-13
4.78541e+19
1.14648e-35
-3.43593e+10
2.47649e-27
-6.2102e+31
-2056.07
-3.57756e+26
-1.74589e-33
-2.67233e-38
2.01263e-38
-3.63617e+11
3.69915e+15
7.64736e+15
1738.81
-3.67932e-39
4.68378e-16
3.36351e+31
-nan
724.356
482.363
1.18521e-38
-6.23356e-27
1.09651e-28
2.12811e-28
-6.73456e+13
-4.7868e-14
7.32994e+11
-8.2805e+17
-8.2805e+17
8.01925e-15
9.64214e-35
-3.37371e+12
-2.57899e+38
5.61835e-07
-1.79001e+27
-2.62565e-38
-2.43155e+33
2.46442e-32
-5.58453e-30
9.84364e+17
7.45883e+16
1.67458e-29
2.38353e-20
2.38356e-20
4.8568e-29
3.90306e-39
896.594    <--25
33.3631
3.37658e-25
0.00144399
4.69204e-31
-4.93492e+23
-nan
1.18526e-38
2.0631e+16
1.07043e+37
-9.35525e-14
-4.1418e+22
-4.15848e+22
9.98375e+32
2.27652e-13
4.78541e+19
1.14648e-35
-3.43593e+10
2.54692e+35
-9.69998e+29
-3.44919e+10
-2.97063e+28
-2.65089e-38
-9.56839e-28
9.11546e+36
-3.63759e+11
3.91303e-38
8.55934e-38
1864.06
-3.67932e-39
4.68378e-16
3.36351e+31
-nan
724.356
446.276
1.15761e-38
-1.94454
3.116e-29
2.60327e-28
-2.298e+14
-5.14081e-14
2.59297e+13
-2.47516e+27
-2.47516e+27
8.01925e-15
9.64214e-35
-3.37371e+12
-2.57899e+38
5.61835e-07
-1.94621e+16
4.71737e+37
-3.74521e+34
2.19844e+12
-7.30462e-12
-2.6574e-23
3.33672e+26
2.62788e+28
5.66628e-36
5.66634e-36
4.85681e-29
3.90306e-39
896.594    <--26
33.3631
3.37658e-25
-4.14183e+24
7.77351e-31
-4.93492e+23
-nan
1.18526e-38
1.18531e-38
1.29215e+33
-9.35527e-14
-1.84241e+32
-1.85023e+32
9.98692e+32
2.27652e-13
4.78541e+19
1.14648e-35
-3.43593e+10
-5.9044e-34
-5.75455e-37
-3.44919e+10
-2.97063e+28
-2.65089e-38
4.84286e+37
nan
-3.63893e+11
7.48773e-16
1.72884e-15
1993.22
-3.67932e-39
4.68378e-16
3.36351e+31
-nan
795.278
409.077
1.15762e-38
-1.94454
4.18096e-29
-1.26017e-24
3.24905e-41
-5.50671e-14
1.14933e+15
-1.61991e+37
-1.61991e+37
8.01925e-15
9.64214e-35
-3.37371e+12
-2.57899e+38
26857
-105089
4.68582e+37
-3.74521e+34
6.77448e-21
-2.10541e+06
2.99197e-08
1.32988e+36
4.30552e+32
2.44444e+24
2.44442e+24
4.85673e-29
3.90306e-39
896.594    <--27
3.19125e-30
-2.98965e-09
4.59963e-31
3.63592e+33
-4.93492e+23
7.18419e-25
2.30566e-38
1.18532e-38
-1.51549e-39
-9.35527e-14
1.34765e-35
1.34497e-35
1.0178e+36
2.27652e-13
4.78541e+19
-4.47843e-38
1.37848e-11
1.51823e+28
5.38055e+13
-3.44923e+10
1.84915e-32
1.73724e-33
-2.67787e-38
-1.39877e-33
-3.63978e+11
-1.17269e-05
-8.20845e-06
2.71595e-29
-3.67934e-39
4.98684e+24
1.48368e+31
-nan
2.00415
371.036
1.15762e-38
-1.94454
-1.97656
-1.37002e-24
-2.60388e-39
-5.75097e-14
3850.61
1.41782e-30
1.41782e-30
8.02033e-15
9.64214e-35
-3.37371e+12
-2.61742e-38
6.24892e-39
-3.34856e-07
3.27464e+38
2.17309e-38
4.82444e+31
-1.44041e+17
3.84517e+15
-1.21314e-35
1.15076e-18
1.20856e-22
1.20856e-22
5.05119e-29
3.90306e-39
933.142    <--28
33.3624
560
-3.17011e+16
1.73683e+33
-7.92288e+31
1.61887e-24
6.22272e-05
2.06312e+16
-1.51547e-39
-9.35528e-14
1.75515e-25
1.75362e-25
-1.47738e-39
2.27652e-13
5.14502e+25
1.14365e-35
1.54073e-33
2.4778e-27
2.46968e-27
-6.6724e+35
-3.04205e+31
-2.65806e-38
-2.67995e-38
5.0595e-29
-3.64112e+11
-1.05304e-20
-8.18539e-21
3.04929e-29
-3.67934e-39
4.68382e-16
3.36351e+31
-nan
724.356
332.1
1.1614e-38
-9.47412e-38
nan
3.7868e-28
-6.37714e+25
-6.46184e-14
79187.6
2.50003e-20
2.50003e-20
8.01942e-15
0.00782263
0.000749263
-2.57899e+38
3.49265e-12
-5.1713e-19
-2.60133e-38
-3.94258e+34
-5.76318e+17
-2.60637e+33
2.64238e+26
-2.08417e-25
8.90361e+07
10.2034
10.2034
4.87246e-29
3.90306e-39
936.66    <--29
33.3625
5.0199e+32
2.33705e-22
1.37174e+33
-9.55063e+25
2.66817e-24
1.16691e-38
2.06312e+16
-1.82133e-37
-9.35529e-14
4.36547e-15
4.36192e-15
9.94623e+32
2.27652e-13
4.78541e+19
1.14648e-35
-1.37437e+11
-1.62356e-22
-801137
-2056.09
1.39749e+24
-2.6392e-38
1.94093e+38
-2.39705e+33
-3.64254e+11
1.47728e-37
1.26372e-37
688.034
-3.67932e-39
4.68378e-16
3.36351e+31
-nan
795.278
292.053
9.24582e+08
-1.07354e+27
-7.03863e-14
604829
1.84985e-12
1.84985e-12
1.83794e+16
-1.06786e+06
-3.45594e-18
-577.848
1.36507e+28
1.36506e+28
-2.57897e+38
26857
-4.25286e-28
2.70217e+17
2.3148e+18
-4.42454e+28
2.32501e+33
3.15055e+29
6.10659e-05
3.48996e+27
1.19451e-38
-2.36768e-38
4.85678e-29
4.21495e-07
4.21343e-07    <--30
33.3016
-1.12743e+11
7.49558e-35
1.58783e+29
1.16912e-38
3.82095e+28
-2.71353e-15
1.71391e+38
-1.51559e-39
1.12693e+33
1.84882e-12
9.51309e+33
9.97215e+32
3.64876e+18
3.33929e+18
8.71596e-36
-1.37437e+11
-50246.8
6.20536e-39
2.74301e+38
-2.39705e+33
261.288
1.37813e+23
3.01743e-29
1.38779e+16
1.17809e-37
-8.33899e+15
1396.09
1.23905e+07
0.11047
0.11047
-nan
795.278
292.053
9.24582e+08
-1.07354e+27
5.94599e+35
-3.98165e+29
-2.00657e-38
1.16797
3.08729e-15
-6.6005e+32
-5.91398e-08
6.20459e+11
3.76076e+27
3.76076e+27
-2.57898e+38
26857
-4.25286e-28
2.70217e+17
2.3148e+18
1.89532e+28
-9.01608e+33
2.64238e+26
-2.08417e-25
8.90361e+07
-1.60535e-37
8.17136e+37
4.85679e-29
32844
32839    <--31
33.3193
-1.12743e+11
7.49558e-35
1.58783e+29
1.16912e-38
6.38282e-24
-5.24518e+10
1.71391e+38
-1.51559e-39
-9.35529e-14
1.83246e+16
nan
9.97552e+32
-1.69333e-22
-1.68419e-22
9.57354e-36
-1.37437e+11
-50246.8
6.20536e-39
2.74301e+38
-2.39705e+33
219.297
2.20982e-38
5.08237e-29
3.45127e+18
-1.36922e-37
-2.68595e+23
1532.08
1.06988e+08
1.27717e+10
1.27717e+10
-nan
795.278
292.053
9.24582e+08
-1.07354e+27
2.14769e+10
-3.9802e+29
-2.00657e-38
1.16797
13.9039
-5.41467e+36
-254.499
1.20014e+37
-4.02171e+24
-4.02171e+24
-2.57898e+38
26857
-4.25286e-28
2.70217e+17
2.3148e+18
-9.59067e+20
-3.29094e-19
-1.79443e+16
-5.17248e-26
4.43817e+18
-1.60535e-37
8.23775e+37
4.85679e-29
5.46432e+15
5.46589e+15    <--32
33.3375
-1.12743e+11
7.49558e-35
1.58783e+29
1.16912e-38
-8.48422e+12
-48.8077
1.71391e+38
-1.51559e-39
-9.35529e-14
1.85177e-12
2.05912e-38
9.97869e+32
1.42164e+13
1.52786e+13
1.04541e-35
-1.37437e+11
-50246.8
6.20536e-39
2.74301e+38
-2.39705e+33
176.194
2.20982e-38
5.08237e-29
-3.64179e+11
1.56091e-37
-3.03135e-39
1671.98
2.06414e+09
2.77415e+21
2.77415e+21
-nan
795.278
292.053
9.24582e+08
-1.07354e+27
1.65249e-16
-3.98068e+29
-2.00657e-38
1.16797
6.26176e+16
2.50702e-32
-4.48393e+12
8.01925e-15
-6.68338e+19
-6.68339e+19
-2.57898e+38
26857
-4.25286e-28
2.70217e+17
2.3148e+18
0.000337533
-3.37563e-19
-1.79443e+16
-5.17248e-26
4.43817e+18
1.15779e-38
8.50277e+37
4.8568e-29
1.71487e+27
1.71595e+27    <--33
33.3561
3.37658e-25
-1.21816e-22
6.02161e-30
-1.21938e+29
-nan
-49935.1
1.71391e+38
-1.51559e-39
-9.35529e-14
1.85187e-12
2.07118e-38
9.98205e+32
-4.01429e-32
-4.65198e-32
1.13574e-35
-3.43593e+10
2.47649e-27
-6.2102e+31
-2056.07
-3.57756e+26
131.984
2.20982e-38
5.08237e-29
-3.64179e+11
1.73605e-37
-5.22886e+25
8.81536e-29
4.51145e+10
1.19394e+33
1.19394e+33
-nan
689.84
312.215
1.18893e-38
3.15571e+29
-1.39633e+30
-4.94348e+21
-2.23628e-38
214.5
1.90677e+30
-7.13363e-15
-4.68554e+21
2.15322e-06
6.74626e+10
6.74627e+10
-2.57899e+38
4.1946e-11
-1.16038e+24
-2.62327e-38
1.50011e+38
4.12469e-35
2.39597e+33
-1.21643e-25
2.00163e+38
3.57331e-43
-1.60536e-37
-1.82863e-37
5.05131e-29
-5.72318e-39
-5.73981e-39    <--34
33.3752
8.14542e+34
4.67171e+32
5.20154e-30
-4.19668e+20
-0.806404
-8.77153e+17
8.50491e+37
-1.51544e-39
2.20972e-07
-1.07618e-37
1.47275e+32
-1.55313e-39
3.05579e-09
3.87644e-09
1.25255e-35
6.64606e+35
-4.67731e-05
-5.4955e+11
-1.91486e-06
1.00871e+09
86.8226
9.04514e+30
3.01805e-29
-3.75919e+24
-1.89414e-37
-8.25106e+15
9.32866e-29
3.75948e+11
-8.21119e-33
-8.21119e-33
-nan
696.882
-nan
1.18521e-38
3.15528e+29
-3.27518e-25
-1.57037e+22
7.05738e-24
33408.1
-6.01724e-36
-6.83428e+07
-3.14441e+29
-2312
6.35764e-14
6.35768e-14
-2.57899e+38
4.1946e-11
-1.16038e+24
-2.62327e-38
1.50011e+38
-1.80196e-14
7.25883e+12
7.8511e-34
1.88171e-37
-9.90081e-18
1.26373e-37
1.69403e+38
5.05132e-29
-8.80122e-27
-8.81398e-27    <--35
33.3947
5.98431e-05
4.67171e+32
5.20154e-30
-4.19668e+20
-9.9828e+26
-1.43382e+22
-1.78449e-37
-1.47835e-39
4.86581e-06
1.85533e-12
-nan
9.98721e+32
0.000201747
0.000292253
1.44092e-35
6.64606e+35
-4.67731e-05
-5.4955e+11
-1.91486e-06
1.00871e+09
40.7884
9.04515e+30
3.01805e-29
-3.75919e+24
2.17466e-37
-1.49794e+22
1996.08
3.26528e+12
-1.07795e-20
-1.07795e-20
-nan
696.882
-nan
1.18521e-38
3.15528e+29
-1.25141e+25
-1.57086e+22
7.05738e-24
33408.1
-1.65401e-24
-1.91537e-37
-2.11423e+37
2.48184e+12
1.50695e+21
1.50696e+21
-2.57899e+38
4.1946e-11
-1.16038e+24
-2.62327e-38
1.50011e+38
-4.26405e+36
4.81212e+33
6.41148e+17
1.89234e+38
3.57331e-43
-1.60536e-37
1.71425e+38
4.85681e-29
-1.38959e-14
-1.39143e-14    <--36
1.17235e-38
560
-3.50885e-36
1.20341e-30
-4.93492e+23
1.06085e-22
5.29947e+13
2.72472e-30
2.72473e-30
nan
-1.07508e-37
2.05471e-38
9.97968e+32
6.01479e+19
2.44007e+16
nan
9.86061e-32
-3.87747e-26
1.20306e-38
1.20306e-38
1.95156e-39
-4.39068
5.95313e+17
6.41148e+17
-3.02338
5.64831e-28
-2.44999e+19
1492.09
7.04913e+08
-9.12089e-09
-8.30597e-09
-nan
1.99835
-9.68604e-35
-2.41726e-35
3.88056e-26
1.07109e+27
1.20875e-37
2.72473e-30
15.941
1.62189e-27
-1.03814e-25
-2.27255e-16
-7.12253e-30
-3.32302e-10
-1.88804e-23
-1.70804e+38
-nan
1.26615e-38
1.24898e-38
2.62503
2.02824e+33
3.00403e+18
6.40672e+17
1.89234e+38
1.17321e-38
1.22206e-38
-3.78724e-37
4.87246e-29
-0.0023542
-0.00192055    <--37
1.17302e-38
-4.63221e-22
-2.14982e-32
-6.18893e-33
7.13535e-15
-1.77751e-15
6.66714e+12
2.39079e-30
2.72473e-30
1.27773e+38
-2.74265e-35
2.05195e-38
1.02026e+36
2.23104e+17
3.5644e-07
nan
9.86061e-32
-1.38349e+19
1.27653e-38
1.27653e-38
1.95156e-39
-43.8822
29.6605
6.41148e+17
-3.00775
2.83993e-28
-1.59249e+19
1932.09
450.129
-245.764
-196.763
-nan
1.99716
-2.47571e-32
-2.47565e-32
3.88056e-26
1.6951e+12
-8.68506e+20
2.72472e-30
3.98525
-1.03798e-25
2.10586e+06
4.60927e+15
1.55115e+11
1.17702e+23
5.66089e-12
-1.70805e+38
-nan
1.28452e-38
1.27653e-38
2.62503
-1.86647e+08
-4.18139e-24
6.40669e+17
1.89234e+38
1.16402e-38
1.25877e-38
-3.78721e-37
4.85675e-29
-1.13538e+07
-7.72649e+06    <--38
1.17359e-38
-7.58941e-18
-8.59928e-32
-2.47565e-32
7.13557e-15
6.02243e-36
5.14965e-21
2.38851e-30
2.72473e-30
3.19433e+37
-6.99899e-33
2.04919e-38
9.94918e+32
-4.93354e+07
-7.59663e-38
nan
9.86061e-32
-1.3835e+19
1.28572e-38
1.28572e-38
1.95156e-39
-78.3433
22.9678
6.41148e+17
-3.00775
1.53041e-28
-1.03764e+19
1412.09
0.000312928
-2.09188e+11
-1.28216e+11
-nan
1.99698
-9.90315e-32
-9.90289e-32
3.88056e-26
-3.61849e-12
-1.11916e-15
2.72472e-30
3.98525
1.78317e-15
-1.06796e+37
5.29118e-26
7.29347e-27
-2.10586e-29
9.92801e-08
-1.70805e+38
-nan
1.29371e-38
1.28572e-38
2.62503
-2880.01
2.09014e-19
6.40665e+17
1.89234e+38
1.15484e-38
1.30468e-38
-9.5414e-38
4.85673e-29
-1.5851e+15
-9.14119e+14    <--39
1.17407e-38
-1.85288e-21
-3.43971e-31
-9.90289e-32
7.13579e-15
-6.49458e+32
-2.26767e-08
2.38508e-30
2.72473e-30
7.98583e+36
-7.14713e-30
8.1857e-38
9.94066e+32
-1.61855e-10
109.843
nan
9.86061e-32
-1.38349e+19
1.28572e-38
1.28572e-38
1.95156e-39
-108.397
13.392
6.41148e+17
-2.99213
8.79587e-29
-7.02569e+18
1868.06
1.52854e-10
-4.75109e+18
-2.55566e+18
-nan
1.99692
-9.90315e-32
-9.90289e-32
3.88056e-26
-3.47638e+23
5.54919e-14
2.72472e-30
0.996313
-2.10514e+06
-4.67737e-10
-7.31854e+16
-1.58838e+14
2.55996e-11
-1.02174e-10
-1.70805e+38
-nan
1.29371e-38
1.28572e-38
2.62503
-5.06649e-23
-101254
1.7677e+18
2.11505
-6.90362e+37
1.19444e-38
1.49926e+23
-8.85761e-42
-7.7542e+21
-3.83489e+21    <--40
1.17447e-38
-1.89192e-09
-7.31546e+06
1.71191e+38
2.8976e-14
3.06157e-05
-2.74435e+16
-9.33601e+26
1.06435e-32
-2.13372e-14
-1.05714e-37
-5.78625e-33
9.97048e+32
1.41892e+28
-1.39288e+26
nan
3.76152e-37
1.70799e+38
1.87352e-37
1.89563e-37
1.17335e-38
-133.5
9.04378
6.41158e+17
-3.63974e+11
1.91301e-29
-4.91853e+32
5.9369e-29
6.29814e-07
-9.17688e+24
-4.49395e+24
-nan
1.16305e-38
-2.30125e-40
-9.58792e-38
nan
2.79493e-32
1.05984e-28
2.72438e-30
-5.94373e+28
-1.08482e-19
9.6667e-35
-7.85794e-32
9.03127
5.42749e+20
-5.28864e+17
-1.70805e+38
1.25858e-38
1.93344e-37
1.91032e-37
-2.64078
3.61483e+29
-891.048
-7.78443e+37
2.2229
-nan
1.19442e-38
33012.5
5.05125e-29
-7.20447e+27
-3.53835e+27    <--41
1.17482e-38
-1.68519e-33
-5.48258e-38
-9.5882e-38
2.89786e-14
-1.44677e+17
-1.23116e-27
-4.00978e+36
2.41646e-30
5.59251e-09
-1.05321e-37
-3.61803e-37
1.92021e+38
-2.62066e+38
2.4923e+36
nan
9.86061e-32
1.70804e+38
1.87352e-37
1.88093e-37
1.1732e-38
-154.643
9.0219
559.964
-2.00391
9.07197e-30
-7.08111e+29
4.65393e-29
304.129
-3.52458e+30
-1.70285e+30
-nan
1.99689
1.73469e+38
-2.39691e-38
nan
5.35277e-20
6.01718e-29
9.75292e-32
-3.80413e+30
2.5891e-26
9.25885e+18
8.76242e+19
8.01925e-15
8.19767e+09
-1.99715e+06
-1.70806e+38
nan
1.90277e-37
1.89563e-37
-2.62515
1.0525e-13
7.70545e-38
-8.19362e+36
2.23853
3.46674e-39
1.15766e-38
1.52236e+23
4.85676e-29
-1.10663e+33
-5.44994e+32    <--42
1.17513e-38
-1.76705e-27
-8.77213e-37
-9.5882e-38
7.24486e-15
4.17003e+34
0.38117
2.87692e-06
9.66585e-30
5.72277e-06
-1.04916e-37
2.24541e-38
1.9181e+38
8.08126e+11
-8.33251e+09
nan
9.86061e-32
-3.87745e-26
1.91032e-37
1.92502e-37
1.1732e-38
-173.027
9.04295
559.934
-2.62891
4.2155e-30
-5.01122e+30
3.87366e-29
0.00111438
-2.44009e+35
-1.18109e+35
-nan
2.00885
-2.39702e-38
-9.5882e-38
nan
2.72263e-09
3.89706e-29
9.68039e-32
1.04116e-17
-9.64251e-35
1.58398e-30
nan
7.50268e+35
3.97692e-28
-3.87581e-31
-1.70806e+38
nan
1.87709e-37
1.88093e-37
-2.62515
2.16272e+06
1.04758e+09
-6.65934e+35
2.23853
2.18109e-39
1.15764e-38
-1.79994e+13
4.85675e-29
-3.57583e+37
-1.76116e+37    <--43
1.1754e-38
-4.41762e-28
-1.16633e-38
-2.29592e-40
7.24421e-15
-1.01368e-28
1.84383e+24
-0.754159
9.66585e-30
95.936
4.72694e+37
4.04142e+37
9.94679e+32
-5.66308e-31
1.53806e-33
nan
9.86061e-32
2.03188e-43
6.79209e-42
1.87368e-41
1.1265e-41
1.12819e-41
6.79209e-42
