988.3    <--0
33.57
560
-2.01953
-0
-0
6.36541e-25
4.59163e-41
0
0
1.77965e-43
1.17087e-38
1.70803e+38
1.70801e+38
1.43493e-41
2.98555e+33
2.04041e-35
9.86084e-32
3.52643e-38
-5.62963e+14
1.67132e+35
4911.98
-1.32921e+36
0
0
4.5559e-41
3.38953e+38
5.34438e-29
5.32736e-29
-3.67935e-39
2.29718e-27
1.02023e+22
6.66532e-40
1.99426
1.1709e-39
1.78144e-38
2.16625e-22
nan
1.06499e-43
0
1.16631e-38
1.70141e+38
-1.16633e-38
-1.51531e-39
8.02137e-15
7.65419e-06
4.4671e-11
6.12223e-28
-2.60591e+38
3.25216e-19
7408.12
nan
-2.01072e+38
9.02198e-41
0
1.70141e+38
0
1.70803e+38
5.05125e-29
5.05125e-29
9.78054e-39
988.3    <--1
33.3508
560.001
-1.92383
-2.49524e+27
-4.60197e+26
6.36787e-25
7.02541e-39
0
0
1.77965e-43
1.17087e-38
-1.51546e-39
-1.51531e-39
7.74658e+25
2.98587e+33
1.09033e-35
9.86806e-32
-6.08463e+31
-1.58697e+29
-4.10727e-32
2263.93
-1.32921e+36
0
0
4.5559e-41
3.38953e+38
5.06828e-29
5.05125e-29
-3.67934e-39
2.30981e-27
4.0474e+24
2.22774e-39
1.99426
5.02797e-39
2.15422e+14
-3.31886e+32
nan
1.06499e-43
0
1.16631e-38
1.70141e+38
-1.16633e-38
-1.51531e-39
8.02137e-15
7.65419e-06
-2.60019e-21
2.50766e-24
-2.60591e+38
5.72021e-06
118.428
2.1396e-38
-2.01075e+38
9.02198e-41
0
1.70141e+38
0
1.70803e+38
5.05125e-29
5.05125e-29
9.78054e-39
988.3    <--2
33.3524
560.001
-1.87695
-2.22443e+27
-5.23071e+26
6.39015e-25
7.02541e-39
0
0
1.77965e-43
1.17087e-38
-1.51546e-39
-1.51531e-39
7.74658e+25
2.98587e+33
1.09584e-35
9.86806e-32
-2.37681e+29
-4.15913e+34
-1.5893e-34
6272.11
-1.32921e+36
0
0
4.5559e-41
3.38953e+38
5.06828e-29
5.05125e-29
-3.67934e-39
2.30981e-27
1.58874e+25
2.22774e-39
1.99426
3.2831e-39
1.3189e+13
-2.01429
nan
1.06499e-43
0
1.16631e-38
1.70141e+38
-1.16633e-38
-1.51531e-39
8.02137e-15
6.35885e+29
-6.50048e-22
1.00307e-23
-2.60591e+38
1.2111e-27
1.07059e+37
-nan
-2.01116e+38
1.57486e-36
1.50482e-36
1.70162e+38
3.57331e-43
1.70803e+38
5.05125e-29
5.05125e-29
9.78054e-39
988.058    <--3
33.3583
560.001
-1.65039
1.73972e-36
-6.27493e+31
6.93402e-25
3.19242e-30
2.38776e-39
2.38776e-39
9.16547e-41
1.17019e-38
-1.51582e-39
-1.51531e-39
7.74706e+25
2.40279e+33
1.13052e-35
9.86295e-32
-5.03319e+07
-1.34039e+08
-7.48014e-09
4.00651e+19
-1.45517e-11
32.0645
32.0645
2.34636e-38
3.05722e+38
5.10772e-29
5.05125e-29
-3.86301e-39
-4.69242e+07
1.3856e+27
-nan
2.00415
-nan
1.19411e-38
9.9768e+27
nan
1.13025e-38
1.12959e-38
-3.38956e+38
9.67141e+24
-1.16633e-38
-1.51531e-39
8.02137e-15
2.36886e+21
8.24027e+08
-6.44746e+37
6.24912e-39
-98258.5
-9.9851e-38
-nan
-2.01308e+38
-9716.37
-8241.5
1.71169e+38
3.57331e-43
1.70803e+38
5.05125e-29
5.05125e-29
9.78054e-39
985.693    <--4
33.3533
560
-1.80664
1.00509e-33
-2.27783e+29
8.15979e-25
1.30033e-21
2.99392e-38
2.99392e-38
9.16547e-41
1.17026e-38
-1.51546e-39
-1.51531e-39
7.74658e+25
8.78026e+32
1.10998e-35
9.8605e-32
-2.16174e+17
8182.09
2.65716e-23
-1.31181e-35
-1.52586e-05
-1.0221e-28
-1.0221e-28
2.34636e-38
3.15027e+38
5.06828e-29
5.05125e-29
-3.67934e-39
-8.30109e+21
2.18832e+27
-nan
2.00415
-nan
1.19421e-38
7.52382e+22
nan
1.07375e-37
1.0727e-37
-3.38964e+38
6.1897e+26
-4.68365e-38
-1.51567e-39
8.02137e-15
-1.01302e-28
6.37547e+34
-6.44746e+37
6.24912e-39
-5.71788e-06
-1.01593e-37
1.59152e+38
-2.01505e+38
-9.30328e-18
-7.08183e-18
1.73646e+38
3.57331e-43
1.70803e+38
5.05125e-29
5.05125e-29
9.78054e-39
980.799    <--5
33.3536
560
-1.76758
1.7237e-32
-6.58871e+25
1.04362e-24
1.05138e-09
5.84846e-37
5.84846e-37
9.16547e-41
1.17019e-38
-1.51546e-39
-1.51531e-39
7.74658e+25
1.29033e+32
1.10232e-35
9.8605e-32
-5.53405e+19
2.58237e-26
-1.0885e-19
-9.37942e-13
-7.52306e-37
-2.74123e+36
-2.74121e+36
2.34636e-38
3.13698e+38
5.06828e-29
5.05125e-29
-3.67934e-39
7.63507e+15
4.06846e+26
-nan
2.00415
-nan
1.18509e-38
-1.51551e-36
nan
4.5898e-36
4.58487e-36
-3.38978e+38
6.1897e+26
-1.16633e-38
-1.51531e-39
8.02137e-15
9.89281e-32
3.60826e-38
-6.44746e+37
6.24912e-39
-5.58364e-09
-1.02669e-37
2.14536e-38
-2.01702e+38
-1.58332e-22
-1.10516e-22
1.77592e+38
3.57331e-43
1.70803e+38
5.05125e-29
5.05125e-29
9.78054e-39
973.378    <--6
33.3548
560
-1.72852
1.0631e-31
-1.98266e+27
1.28916e-24
882
5.00386e-35
5.00386e-35
9.16547e-41
1.17019e-38
-1.51546e-39
-1.51531e-39
7.74658e+25
7.92993e+30
1.10326e-35
9.8605e-32
-5.53405e+19
8.58125e+09
-1.55357e+26
-1.66435e+10
4.29491e+09
-2.48883e-38
-2.48882e-38
2.34636e-38
3.13698e+38
5.06828e-29
5.05125e-29
-3.67934e-39
3.27422e-11
1.39188e+26
-nan
2.00415
-nan
1.19431e-38
-9.76534e-38
nan
8.6249e-34
8.60851e-34
-3.38998e+38
6.1897e+26
-1.16633e-38
-1.51531e-39
8.02137e-15
-2.20617e+12
-3.6081e-38
-6.44746e+37
6.24912e-39
-1.4295e-06
-1.0345e-37
9.26149e+30
-2.01895e+38
-4.80234e-11
-3.13048e-11
1.83008e+38
3.57331e-43
1.70803e+38
5.05125e-29
5.05125e-29
9.78054e-39
963.43    <--7
33.3551
560
-1.7207
4.2216e-31
-1.88897e+24
1.53474e-24
7.41071e+14
2.14782e-32
2.14782e-32
9.16547e-41
1.17019e-38
-1.51546e-39
-1.51531e-39
7.74658e+25
2.05508e+29
1.10003e-35
9.8605e-32
-1.41672e+22
6.45651e-27
0.00196088
-7.87615e+28
-1.84465e+19
4.63587e-22
4.63584e-22
2.34636e-38
3.20344e+38
5.06828e-29
5.05125e-29
-3.77117e-39
2.48827e+29
4.74631e+24
-nan
2.00415
-nan
1.1576e-38
8.63656e+37
nan
6.72611e-31
6.71925e-31
-3.39022e+38
1.70141e+38
-1.16633e-38
-1.51531e-39
3.20855e-14
-1.01105e-28
-1.11659e-11
-6.44746e+37
6.24912e-39
3.02986e-28
4.68787e+37
-1.42157e-36
-2.01952e+38
-2.37635e-24
-1.84298e-24
1.8954e+38
3.57331e-43
1.70803e+38
5.05125e-29
5.05125e-29
3.90307e-39
952.034    <--8
33.3622
560
-2.12891
5.5775e-31
-4.72206e+31
1.58011e-24
9.79751e-07
2.16012e-29
2.16012e-29
9.16547e-41
1.17083e-38
-1.51546e-39
-1.51531e-39
2.27652e-13
3.76422e+27
1.14383e-35
9.8605e-32
-5.80288e+25
9.00112e+15
2.10522e+06
-1.35519e+36
0.999986
1.28932e-13
1.28932e-13
2.34636e-38
3.17685e+38
5.06828e-29
5.03026e-29
-3.67934e-39
2.9077e+36
2.08234e+32
-nan
2.00415
-nan
1.15761e-38
1.07114e+37
nan
8.40791e-28
8.39805e-28
-3.39049e+38
1.54743e+26
-4.68365e-38
1.92079e+38
8.02116e-15
-2.9841e-08
-5.27263e+10
-6.44746e+37
6.24912e-39
-6.91531e+18
-1.04047e-37
2.23465e-38
-2.02087e+38
-9.1426e+26
-7.15308e+26
1.96622e+38
3.57331e-43
1.70803e+38
5.05125e-29
5.05125e-29
3.90306e-39
939.412    <--9
33.3636
560
-1.98633
1.18329e-30
-3.07555e+27
1.84169e-24
1.16797
4.50514e-26
4.50514e-26
9.16547e-41
1.17044e-38
-1.51546e-39
-1.51531e-39
2.27652e-13
3.85245e+25
1.14132e-35
9.8605e-32
-6.23079e+34
-3.68849e+19
2.54513e+30
5.27069e-26
-1.18058e+21
-1.08715e+19
-1.08714e+19
2.34636e-38
3.24332e+38
5.06828e-29
5.05125e-29
-3.67934e-39
7.84169e-22
1.26184e+31
-nan
2.00415
-nan
1.15763e-38
-1.85829e-37
nan
3.04071e-24
3.03854e-24
-3.3908e+38
2.5353e+30
-1.16633e-38
1.92074e+38
8.02116e-15
2.41053e-35
-1.14324e-08
-6.44746e+37
6.24912e-39
-6.59428e+12
4.72239e+37
2.18522e-38
-2.02222e+38
5.78064e-37
4.52601e-37
2.04717e+38
3.57331e-43
1.70803e+38
5.05125e-29
5.03026e-29
3.90306e-39
925.043    <--10
33.3645
560
-1.90039
2.2803e-30
-1.27509e+29
2.17771e-24
47232
2.78111e-22
2.78111e-22
9.16547e-41
1.17036e-38
-1.51546e-39
-1.51531e-39
2.27652e-13
2.4013e+23
1.14854e-35
9.8605e-32
-3.89424e+33
3.51746e+13
2.92193e-11
1.39603e-10
-0.0156248
6.9201e+14
6.92007e+14
2.34637e-38
3.21673e+38
5.06828e-29
5.05125e-29
-3.67934e-39
1.50996e+08
1.53122e+31
-nan
2.00415
-nan
1.19438e-38
-7.52115e-37
nan
3.1614e-20
3.15777e-20
-3.39115e+38
2.5353e+30
-1.16633e-38
-1.51531e-39
8.02137e-15
-0.000122229
-5.77143e-37
-6.44746e+37
6.24912e-39
-1.72879e+18
4.73693e+37
-3.90863e+37
-2.02357e+38
-3.70298e+18
-2.89793e+18
2.1383e+38
3.57331e-43
1.70803e+38
5.05125e-29
5.03026e-29
3.90306e-39
908.928    <--11
33.3637
560
-1.86914
4.0922e-30
-5.02918e+26
2.5137e-24
1.8413e+09
4.85548e-18
4.85548e-18
9.16547e-41
1.17036e-38
-1.51546e-39
-1.51531e-39
2.27652e-13
7.7534e+20
1.15094e-35
9.8605e-32
-1.52119e+31
-0.499792
-1.70811e+38
1.0404e+06
1.84465e+19
-3.32373e-26
-3.32372e-26
2.34637e-38
3.20344e+38
5.06828e-29
5.05125e-29
-3.67934e-39
1.33737e-30
5.42767e+31
-nan
2.00415
-nan
1.18521e-38
-1.20323e-35
nan
9.11269e-16
9.10039e-16
-3.39153e+38
2.5353e+30
-1.16633e-38
-1.51531e-39
8.02137e-15
-1.66369e+35
-12568
-6.44746e+37
6.24912e-39
-4.64135e+26
-2.6242e-38
9.99485e+36
-2.02471e+38
2.69211e+35
2.18696e+35
2.23945e+38
3.57331e-43
1.70803e+38
5.05125e-29
5.05125e-29
3.90307e-39
891.214    <--12
33.3639
560
-2.06641
5.49738e-30
-1.19834e+30
2.72055e-24
7.07812
2.15086e-13
2.15086e-13
9.16547e-41
1.17087e-38
-1.51546e-39
-1.51531e-39
2.27659e-13
1.54234e+18
1.15197e-35
9.8605e-32
2.25696e-36
-1.01433e+31
6.36283e+29
2.85881e+14
-3.08145e-33
1.33412e+28
1.33412e+28
2.34637e-38
3.38953e+38
5.06828e-29
5.05125e-29
-3.67934e-39
-7.19993e-38
3.69626e+31
-nan
2.00415
-nan
1.16685e-38
-9.47381e-38
nan
5.59906e-11
5.59752e-11
-3.39194e+38
1.01412e+31
-1.16633e-38
1.92074e+38
8.02116e-15
6.05247e+23
-1.66321e-19
-6.44746e+37
6.24912e-39
-24562.1
1.90256e+38
-nan
-2.02564e+38
-3.71972e-32
-3.40011e-32
2.34667e+38
3.57331e-43
1.70803e+38
5.05125e-29
5.03026e-29
3.90306e-39
872.41    <--13
33.3638
560
-1.86914
9.07187e-30
-3.98125e+30
3.03076e-24
60.375
1.99301e-08
1.99301e-08
9.16547e-41
1.17026e-38
-1.51546e-39
-1.51531e-39
2.27652e-13
1.93566e+15
1.15074e-35
9.8605e-32
-9.96926e+35
5.36779e+08
-1.66088e-24
1.26018e+30
-3.24514e+32
-7.95364e+14
-7.95363e+14
2.34637e-38
3.21673e+38
5.06828e-29
5.05125e-29
-3.67934e-39
-3.36043e-25
3.94979e+31
-nan
2.00415
-nan
1.18523e-38
-1.90927e-37
nan
8.59943e-06
8.59589e-06
-3.39239e+38
1.01412e+31
-1.16633e-38
-1.51531e-39
8.02137e-15
4.25905e+37
1.59288e+34
-6.44746e+37
6.24912e-39
-4.32189e+17
1.90708e+38
2.19774e-38
-2.027e+38
1.37137e+13
1.2736e+13
2.4635e+38
3.57331e-43
1.70803e+38
5.05125e-29
5.03026e-29
3.90306e-39
851.864    <--14
33.3632
560
-1.8457
1.40022e-29
-6.86679e+26
3.42484e-24
451584
0.00510355
0.00510355
9.16547e-41
1.17036e-38
-1.51546e-39
1.92069e+38
2.27652e-13
1.34932e+12
1.15001e-35
9.8605e-32
-3.80297e+30
-1.73395e-18
-6.06844e+23
-4.90149e-32
2.27371e-13
2.23364e-36
2.23363e-36
2.34637e-38
3.20344e+38
5.06828e-29
5.05125e-29
-3.67934e-39
0.00714113
8.02635e+31
-nan
2.00415
-nan
1.18524e-38
5.29402e+36
nan
3.72336
3.72268
-3.39288e+38
6.33825e+29
-1.16633e-38
-1.51531e-39
8.02137e-15
-0.000488915
3.60575e-38
-6.44746e+37
6.24912e-39
-1.85654e+27
-1.05619e-37
1.54471e+38
-2.02824e+38
-9.44324e+20
-8.98743e+20
2.59045e+38
3.57331e-43
1.70803e+38
5.05125e-29
5.05125e-29
3.90306e-39
829.642    <--15
33.3633
560
-1.93945
2.04117e-29
-2.96568e+24
3.99353e-24
6.10271e+08
3556.34
3556.34
9.16547e-41
1.17058e-38
-1.51546e-39
-1.51531e-39
2.27652e-13
5.22158e+08
1.1489e-35
9.8605e-32
-1.5577e+34
-3.60199e+16
-1.41283e+14
-1.39764e-20
4.61162e+18
-9.21802e+20
-9.21802e+20
2.34637e-38
3.29649e+38
5.06828e-29
5.05125e-29
-3.67934e-39
-2.8447e-36
8.19326e+31
-nan
2.00415
-nan
1.16688e-38
-2.3676e-38
nan
3.88809e+06
3.88777e+06
-3.3934e+38
2.59615e+33
-1.16633e-38
-1.51531e-39
8.02137e-15
6.49879e+32
5.65776e+19
-6.44746e+37
6.24912e-39
-1.85658e+27
-1.05757e-37
1.49094e+38
-2.02907e+38
3.83424e-38
3.76535e-38
2.72498e+38
3.57331e-43
1.70803e+38
5.05125e-29
5.05125e-29
3.90306e-39
806.219    <--16
33.3634
560
-1.93164
2.50463e-29
-1.27505e+23
4.40717e-24
1.53008e+11
5.24493e+09
5.24493e+09
9.16547e-41
1.17054e-38
-1.51546e-39
-1.51531e-39
2.27652e-13
143492
1.15399e-35
9.8605e-32
-1.5577e+34
6.16135e-33
-7.13276e-15
-2.31455e-10
-1.97212e-31
0.821279
0.821279
2.34637e-38
3.2699e+38
5.06828e-29
5.05125e-29
-3.67934e-39
-1.86199e-35
2.70297e+33
-nan
2.00415
-nan
1.1577e-38
-3.78761e-37
nan
8.01702e+12
8.01722e+12
-3.39394e+38
6.49037e+32
-1.16633e-38
-1.51531e-39
8.02137e-15
-4.15923e+34
-2.31714e+23
-6.44746e+37
6.24912e-39
-7.42632e+27
-2.64716e-38
2.09991e-38
-2.02995e+38
-7.0258e-22
-7.13396e-22
2.86596e+38
3.57331e-43
1.70803e+38
5.05125e-29
5.05125e-29
3.90306e-39
781.683    <--17
33.3649
560
-1.93164
3.3921e-29
-4.15756e+12
4.84489e-24
1.29536e+13
1.50837e+16
1.50837e+16
9.16547e-41
1.17054e-38
-1.51546e-39
-1.51531e-39
2.27652e-13
27.0039
1.15265e-35
9.8605e-32
-3.89424e+33
7.62727e-06
-1.54672e-33
-0.994139
8.6735e-19
2.85759e-24
2.85759e-24
2.34637e-38
3.2699e+38
5.06828e-29
5.05125e-29
-3.67934e-39
1.78907
4.62101e+32
-nan
2.00415
-nan
1.16689e-38
8.50292e+37
nan
3.2619e+19
3.2624e+19
-3.39451e+38
6.49037e+32
-1.16633e-38
-1.51531e-39
8.02137e-15
3.44043e+10
9.48981e+26
-6.44746e+37
6.24912e-39
-2.97059e+28
1.91803e+38
-nan
-2.03079e+38
-5.04619e-08
-5.27829e-08
3.01337e+38
3.57331e-43
1.70803e+38
5.05125e-29
5.05125e-29
3.90306e-39
756.038    <--18
33.3656
560
-1.93945
4.18096e-29
-4.56979e+26
5.26025e-24
1.46719e+16
8.34659e+22
8.34659e+22
9.16547e-41
1.17058e-38
-1.51546e-39
-1.51531e-39
2.27659e-13
0.00342041
1.15785e-35
9.8605e-32
5.87757e-39
2.19898e+12
-4.25185e-22
-1.67119e+07
3.24514e+32
4.39005e+24
4.39006e+24
2.34638e-38
3.34965e+38
5.06828e-29
5.05125e-29
-3.77117e-39
-0.114746
1.08139e+33
-nan
2.00415
1.07908e-39
1.1669e-38
8.20526e+37
nan
2.37242e+26
2.37456e+26
-3.3951e+38
-2.35099e-38
-1.16633e-38
-1.51531e-39
3.20855e-14
-2.58829e-26
1.03878e-20
-6.44746e+37
6.24912e-39
-3.1901e+37
1.91902e+38
-2.08185e+12
-2.0312e+38
1.03021e-17
1.29095e-17
3.1654e+38
3.57331e-43
1.70803e+38
5.05125e-29
5.05125e-29
3.90306e-39
729.761    <--19
33.3649
560
-1.87695
4.5951e-29
-2.61208e+29
5.46743e-24
0.155762
6.85529e+29
6.85529e+29
9.16547e-41
1.17051e-38
-1.51546e-39
-1.51531e-39
2.27652e-13
3.64184e-07
1.15577e-35
9.8605e-32
-5.94214e+28
1.01359e+31
1.58394e-30
-2.80379e+14
1.20369e-35
-1.97932e+34
-1.97932e+34
2.34638e-38
3.23002e+38
5.06828e-29
5.03026e-29
-3.67934e-39
3.70766e-28
8.83636e+32
-nan
2.00415
-nan
1.18527e-38
1.71389e+38
nan
2.42628e+33
2.42846e+33
-3.39571e+38
1.62259e+32
-1.16633e-38
-1.51531e-39
8.02137e-15
-2.30883e+18
2.72272e-15
-6.44746e+37
6.24912e-39
-4.98443e+35
-1.06185e-37
-1.34645e-36
-2.03203e+38
-3.72957e+27
-4.8343e+27
3.32211e+38
3.57331e-43
1.70803e+38
5.05125e-29
5.05125e-29
3.90306e-39
702.521    <--20
33.3651
560
-1.94727
5.75868e-29
-4.24e+28
5.88103e-24
7.17187
1.01141e+37
1.01141e+37
9.16547e-41
1.17058e-38
-1.51546e-39
-1.51531e-39
2.27652e-13
2.57363e-11
1.15548e-35
9.8605e-32
-6.08476e+31
-4.2336e-22
2.15581e+09
-1.2184e+24
-1.6777e+07
1.1755e-38
1.17551e-38
2.34638e-38
3.28319e+38
5.06828e-29
5.05125e-29
-3.67934e-39
2.64698e-20
6.2943e+32
-nan
2.00415
-nan
1.16691e-38
1.71369e+38
nan
-4.41576e-37
-4.42315e-37
-3.39634e+38
6.49037e+32
-1.16633e-38
-1.51531e-39
8.02137e-15
1.73697e-18
4.35575e-14
-6.44746e+37
6.24912e-39
-4.75304e+29
-2.65742e-38
nan
-2.03291e+38
4.53497e-08
2.17659e+38
1.40559e+19
-1.41155e+33
1.70803e+38
5.05125e-29
-nan
3.90327e-39
818.069    <--21
33.3662
-2.60319e-33
-2.60646e-33
6.88425e-29
-9.62314e+26
6.21663e-24
99.25
2.07651e-17
4.78117e-22
-8.62682e+14
1.17054e-38
-1.51546e-39
-1.51531e-39
2.2872e-13
-1.45755e+29
1.16125e-35
-9.24256e-36
-1.32146e-35
-6.39019e-11
32897.1
-3.15055e+29
-16383.8
-1.04844
5.0683e-29
659.577
3.26994e+38
5.06828e-29
-1.92238
-1.87344e-38
-4.72239e+22
2.56073e+33
1338.06
-1.82978e-29
-1.82978e-29
1.18528e-38
8.5045e+37
nan
-3.37152e-35
-1.16759e-38
7.5511e-18
4.98965e+33
-1.16633e-38
-1.51531e-39
-2.4825e+12
-2.35404e-38
1.16172e-38
-6.44742e+37
-1.49037e+33
-1.49038e+33
-2.65739e-38
nan
-2.03291e+38
4.53497e-08
2.17659e+38
1.05197e-11
7.6194e+32
1.70803e+38
5.05125e-29
5.05125e-29
3.90332e-39
8.50393e+37    <--22
33.2744
-1.50472e-25
-1.50724e-25
6.88624e-29
-9.62314e+26
6.21663e-24
99.25
2.07651e-17
-5.38312e-07
-2.54581e+35
1.1706e-38
-1.51546e-39
-1.51531e-39
2.28977e-13
2.11092e-38
7.19577e-36
-3.74918e-35
-5.775e-35
-6.98154e-11
32897.1
-3.15055e+29
-16383.8
-1.04844
5.0683e-29
629.558
3.26994e+38
5.06828e-29
5.05125e-29
-2.20464e-38
-1.73784e+24
7.31578e-24
60738
-1.44004e-21
-1.44004e-21
1.18528e-38
8.5045e+37
nan
-3.37152e-35
-1.16759e-38
2.05416e-22
4.98815e+33
-1.16633e-38
-1.51531e-39
-4.6893e+34
1.66369e+35
2.30352e-28
2.08327e+11
1.19364e-06
1.19365e-06
-2.65739e-38
nan
-2.03291e+38
4.53497e-08
2.17659e+38
-7.5552e-34
2.2616e-38
1.70803e+38
5.05125e-29
5.05125e-29
1.16692e-38
6.34372e+37    <--23
33.2745
-1.65109e-17
-1.65492e-17
6.8883e-29
-9.62314e+26
6.21663e-24
99.25
2.07651e-17
1.31424e-10
-9.94305e+32
1.17054e-38
-1.51546e-39
-1.51531e-39
1.92795e+38
2.35884e+36
7.19871e-36
5.91573e-37
9.81622e-37
-7.59493e-11
32897.1
-3.15055e+29
-16383.8
-1.04844
5.0683e-29
598.429
3.28932e+38
5.06828e-29
5.05125e-29
1.32579e-28
-4.63017e+21
8.14316e-24
2.93696e+06
-1.82631e-15
1.18528e-38
-3.37148e-35
-1.16759e-38
6.27824e-26
4.98902e+33
-1.16633e-38
3.28984e+38
3.51627e-35
-1.16633e-38
-1.51531e-39
1.06162e-37
1.70064e-21
-3.36835e+07
8.87688e-19
3.9669e-24
-4.30651e+29
-4.30655e+29
2.17659e+38
-1.99404e-22
6.345e+32
1.70803e+38
5.19491e+33
-1.04557e-21
1.70801e+38
5.05125e-29
5.05125e-29
1.16692e-38
1.18529e-38    <--24
5.29333e+36
-1.27329e-23
-3.54039e-09
-3.5462e-09
2.07834e-17
7.15539e+29
-2.54532e+35
1.1706e-38
-1.51546e-39
-6.18695e-33
1.16687e-38
-1.51546e-39
-1.51531e-39
1.92749e+38
-1.06661e-37
2.08241e-38
1.0251e+33
-1.6954e+37
-3.00723e+37
-1.41399
5.0683e-29
598.429
3.28932e+38
5.06828e-29
1.1706e-38
566.188
5.06843e-29
5.05125e-29
1.32579e-28
1.43574e-28
-1.19798e+18
2.85885e+06
1.30338e+08
-6.85315e-05
-6.85315e-05
-1.16759e-38
6.27824e-26
4.98902e+33
-1.16633e-38
3.28984e+38
4.87351e-32
-1.17518e-38
-1.51531e-39
8.02137e-15
0.501939
4.35389e-19
1.52508e-08
-5.52905e+18
2.08897e-14
2.08899e-14
2.1766e+38
-1.99404e-22
6.345e+32
1.70803e+38
5.19491e+33
2.4481e+25
nan
5.05125e-29
5.05125e-29
1.16692e-38
1.1853e-38    <--25
-3.74505e-37
-1.27329e-23
-1.5805
-1.58398
-2.4903e+22
4.53642e-24
3.01721e+11
2.0543e+11
2.0543e+11
9.16547e-41
-1.5531e+31
-1.51546e-39
-1.51531e-39
1.92749e+38
-2.6689e-38
3.21924e-37
1.02542e+33
1.63883e+31
3.09706e+31
-2.16996e-14
-2.31455e-10
-1.97212e-31
0.821279
0.821279
2.34637e-38
532.835
5.06842e-29
5.05125e-29
1.02603e-28
1.71183e-28
-1.21779e+19
3.12106e+06
6.39546e+09
-42183.1
-42183.1
8.40382e+37
nan
2.05431e+11
2.0543e+11
-3.3938e+38
4.37045e-37
-1.17504e-38
-1.51531e-39
8.02137e-15
3.70366e+19
-32.126
62.3748
-5.27292e+12
-4.56801e+17
-4.56806e+17
9.49814e+36
-2.02954e+38
0.822456
0.821279
2.79467e+38
-8.35634e+28
nan
5.05125e-29
5.05125e-29
1.16693e-38
1.1853e-38    <--26
-2.14328e-37
-1.27329e-23
-1.31966e+09
-1.32378e+09
-2.49115e+22
4.53642e-24
3.01721e+11
2.0543e+11
2.0543e+11
-33023.5
-1.5528e+31
-1.51546e-39
-1.51531e-39
1.92749e+38
-5.76623e+32
1.99888e-38
1.02576e+33
6.18699e+22
1.24197e+23
-2.33588e-14
-2.31455e-10
-1.97212e-31
0.821279
0.821279
2.34637e-38
498.372
5.06842e-29
5.05125e-29
1.02603e-28
-4.59323e+21
-8.24787e+16
3.39958e+06
9.74955e+10
-4.99829e+13
-4.99829e+13
8.40382e+37
nan
2.05431e+11
2.0543e+11
-3.3938e+38
-1.28379e+32
-1.17504e-38
-1.51531e-39
8.02137e-15
-4.55828e-41
1.29137e-29
1.08018e+12
-6.34704e-23
1.34385e-30
1.34386e-30
9.49815e+36
-2.02954e+38
0.822456
0.821279
2.79467e+38
3.44534e+17
nan
5.05125e-29
5.05125e-29
1.16693e-38
-3.61301e-37    <--27
-6.05801e-36
-1.27329e-23
-2.13764e+18
-2.14251e+18
-2.49204e+22
4.53642e-24
3.01721e+11
2.0543e+11
2.0543e+11
-32.2495
6.2376e-39
-1.51546e-39
-1.51531e-39
1.92795e+38
-5.7693e+32
nan
1.02607e+33
-3.64895e+12
-7.75951e+12
-2.50723e-14
-2.31455e-10
-1.97212e-31
0.821279
0.821279
2.34637e-38
462.797
5.06692e-29
5.05125e-29
1.02603e-28
-5.6078e+21
-1.03802e+16
3.66138e+06
7.7859e+12
-1.15637e+23
-1.15637e+23
8.40382e+37
nan
2.05431e+11
2.0543e+11
-3.3938e+38
-2.04161e+21
-1.16671e-38
-1.51531e-39
8.02137e-15
-2.71402e-20
-3.39993e+35
1.80043e+22
-1.54957e-26
-0.0017832
-0.00178322
9.49816e+36
-2.02954e+38
0.822456
0.821279
2.79467e+38
2.70013e+07
2.80819e+38
5.05125e-29
5.05125e-29
3.90306e-39
1.18531e-38    <--28
-3.14126e-30
-1.27329e-23
-7.16988e+27
-7.19276e+27
-2.49295e+22
4.53642e-24
3.01721e+11
2.0543e+11
2.0543e+11
5.80955e+17
-2.258e+20
-1.51546e-39
-1.51531e-39
2.27652e-13
-2.67571e-38
1.44795e+38
1.02641e+33
-0.837335
-1.88867
9.5767e+30
-0.00362389
0.0156248
6.00161e+13
6.00161e+13
2.34637e-38
426.109
5.06835e-29
5.05125e-29
-3.67934e-39
2.85569e-28
-3.82634e+14
3.94003e+06
1.5569e+14
-5.24706e+32
-5.24706e+32
4.92913e+27
nan
1.50823e+16
1.50837e+16
-3.39422e+38
-1.51538e+10
-1.17138e-38
-1.51531e-39
8.02137e-15
-0.0312905
4.71835e+18
8.018e+31
-0.299731
-3.68775e+22
-3.68779e+22
1.41197e+38
-2.03016e+38
5.8614e+13
6.00161e+13
2.9022e+38
-5.0876e-12
nan
5.05125e-29
5.05125e-29
3.90306e-39
-3.61302e-37    <--29
-1.22697e-32
-1.27329e-23
-4.33147e+37
-4.35296e+37
-4.17457e+12
4.84489e-24
1.29536e+13
1.50837e+16
1.50837e+16
-1.02203e+31
1.47286e-34
-1.51546e-39
-1.51531e-39
2.27652e-13
-2.67772e-38
1.15382e-35
1.0267e+33
1.21295e-14
7.22512e-15
-0.0317764
-1.67119e+07
1.71796e+10
-7.07362e-31
-7.07363e-31
2.34638e-38
388.366
5.06708e-29
5.05125e-29
-3.77117e-39
3.18701e-28
-3.34249e+29
4.11661e+06
6.64796e+07
3.91251e-35
3.91251e-35
1.7139e+38
nan
4.388e+24
4.39006e+24
-3.39495e+38
-0.0579948
-1.09561e-38
-1.51531e-39
6.79437e-36
-1.34254e+08
-2.53437e-29
2.17524e+37
78572.6
1.1234e+34
1.12339e+34
2.20965e-38
-nan
5.8614e+13
6.00161e+13
2.9022e+38
-4.25016e-17
1.73683e+33
5.05125e-29
5.05125e-29
3.90306e-39
1.15777e-38    <--30
-2.36836e-38
-1.27329e-23
4.12355e-30
4.11828e-30
-2.42529e+31
6.64145e-25
2.34629e-35
3.67348e-40
9.28868e+15
1.04204e-25
2.20341e+17
-1.51545e-39
-1.51531e-39
2.27652e-13
4.84701e+37
-3.32476e+16
1.02693e+33
-1.42718e+19
-1.05832e+19
7.10226e+26
-2.0558e-25
-1023.99
-8.98744e+20
-1.97932e+34
2.34638e-38
349.931
5.067e-29
5.05125e-29
-3.67934e-39
-8.37485e+21
6.24981e+32
4.53043e+06
24652.7
5.07586e-25
5.07586e-25
-1.90927e-37
nan
8.59943e-06
8.59589e-06
-3.39239e+38
-1.31093e-13
-1.09382e-38
-1.51531e-39
8.02137e-15
-1.54718e+26
-1.01372e-28
-2.3915e-30
-8.43667e+13
1.14659e+22
1.14658e+22
1.41194e+38
-2.03016e+38
5.8614e+13
6.00161e+13
2.9022e+38
1.65148e-15
2.46699e+33
5.05125e-29
5.05125e-29
-nan
1.18532e-38    <--31
-1.90904e-37
-1.2733e-23
7.55043e-20
7.54384e-20
-2.50397e+26
5.98424e-24
25.4375
-4.59177e-41
-4.59177e-41
5.67339e+14
-1.58025e-25
-1.51546e-39
-1.51531e-39
2.27652e-13
4.85064e+37
2.18762e-38
1.02724e+33
2.41012e-33
1.97451e-33
2.75206e+09
-1.2184e+24
-1.6777e+07
1.1755e-38
1.17551e-38
2.34638e-38
310.397
5.06836e-29
5.05125e-29
-3.67934e-39
-9.40786e+21
-4.57736e+20
5.06291e+06
480460
1.28318e-14
1.28318e-14
8.40382e+37
nan
2.05431e+11
2.0543e+11
-3.3938e+38
-1.38559e-25
-1.09127e-38
-1.51531e-39
8.02137e-15
2.41053e-35
-1.66078e-24
-5.3861e-20
1.40933e-38
-4.5298e+07
-4.52978e+07
9.49804e+36
-2.02954e+38
0.822456
0.821279
2.79467e+38
1.70402e-22
2.68263e+33
5.05125e-29
5.05125e-29
3.90306e-39
1.18533e-38    <--32
1.71355e+38
-1.2733e-23
2.71085e-09
2.70945e-09
-2.48208e+22
4.53642e-24
3.01721e+11
2.0543e+11
2.0543e+11
2.93308e-11
-2.20166e+17
-1.51545e-39
-1.51531e-39
2.27652e-13
-2.68303e-38
-3.51532e-34
1.02758e+33
-1.84072e-10
-1.65241e-10
-1.00855e-14
-2.31455e-10
-1.97212e-31
0.821279
0.821279
2.34637e-38
269.751
5.06837e-29
5.05125e-29
-3.67934e-39
4.8594e-28
-4.83576e+25
5.61997e+06
4.08944e+06
0.000656995
0.000656995
8.40382e+37
nan
2.05431e+11
2.0543e+11
-3.3938e+38
-6.65764e-38
-1.09016e-38
-1.51531e-39
8.02137e-15
4.34243e-19
1.51042e-36
-2.31921e-10
1.09041e-12
-2.77494e-09
-2.77494e-09
9.49805e+36
-2.02954e+38
0.822456
0.821279
2.79467e+38
3.32083e-37
nan
5.05125e-29
5.05125e-29
3.90306e-39
1.16696e-38    <--33
1.69417e+38
-1.2733e-23
190.296
190.263
-2.48312e+22
4.53642e-24
3.01721e+11
2.0543e+11
2.0543e+11
-6.06546e-36
-3.52059e+18
-1.51546e-39
-1.51531e-39
2.28915e-13
-1.07396e-37
-nan
1.0279e+33
-2.18987e+11
-2.14557e+11
-1.10923e-14
-2.31455e-10
-1.97212e-31
0.821279
0.821279
2.34637e-38
227.994
5.0684e-29
5.05125e-29
-2.03934e-38
5.71137e-28
-4.06128e+23
6.17709e+06
8.57732e+07
6.24685e+07
6.24685e+07
8.40382e+37
nan
2.05431e+11
2.0543e+11
-3.3938e+38
3.96566e+15
-1.17339e-38
-1.51531e-39
8.02137e-15
0.00782263
-8224.27
-4.07836
2.10917e+13
6.59713e-28
6.59713e-28
1.41195e+38
-2.03016e+38
5.8614e+13
6.00161e+13
2.9022e+38
-2.08388e-08
nan
5.05125e-29
5.05125e-29
3.90306e-39
1.18533e-38    <--34
1.70064e+38
-1.2733e-23
2.6155e+13
2.61594e+13
-4.16328e+12
4.84489e-24
1.29536e+13
1.50837e+16
1.50837e+16
1.20139e-07
-48.8164
-1.51546e-39
-1.51531e-39
2.27652e-13
-2.68676e-38
2.10483e-38
1.02823e+33
1.02062e+30
1.08168e+30
4.32671e+30
-0.00362389
0.0156248
6.00161e+13
6.00161e+13
2.34637e-38
185.125
5.06839e-29
5.05125e-29
-3.67934e-39
6.53179e-28
-2.97242e+17
6.70061e+06
1.73308e+09
1.24928e+19
1.24928e+19
4.92913e+27
nan
1.50823e+16
1.50837e+16
-3.39422e+38
4.27161e-11
-1.17328e-38
-1.51531e-39
8.02137e-15
8.8075e+12
3.88356e+25
-1.75154e+10
-2.2647e+22
-2.82174e+29
-2.82175e+29
1.41195e+38
-2.03016e+38
5.8614e+13
6.00161e+13
2.9022e+38
8576.25
nan
5.05125e-29
5.05125e-29
3.90306e-39
1.16697e-38    <--35
-9.46856e-38
-1.2733e-23
7.03863e+24
7.04234e+24
-4.16456e+12
4.84489e-24
1.29536e+13
1.50837e+16
1.50837e+16
1.52294e+23
-199777
-1.51546e-39
-1.51531e-39
2.27652e-13
1.94576e+38
8.87557e+30
1.02855e+33
-6.41811e-31
-7.32015e-31
4.70521e+30
-0.00362389
0.0156248
6.00161e+13
6.00161e+13
2.34637e-38
141.145
5.0684e-29
5.05125e-29
1.32579e-28
7.32069e-28
-2.16751e+20
7.25792e+06
3.33665e+10
4.58428e+30
4.58428e+30
4.92913e+27
nan
1.50823e+16
1.50837e+16
-3.39422e+38
9.23521e-38
-1.17418e-38
-1.51531e-39
8.02137e-15
2.47909e+27
3.88356e+25
-7.34998e+19
3.78313e-30
1.01289e+06
1.01289e+06
2.16098e-38
-2.03245e+38
6.04231e-39
1.17551e-38
nan
-2.88895e-34
2.55823e+33
5.05125e-29
5.05125e-29
3.90306e-39
1.18534e-38    <--36
4.2836e+37
-1.2733e-23
3.66201e+36
3.66545e+36
-7.95e+21
4.09753e-24
3.73293e+09
115856
115856
-7.16083e-15
-5.88867e+25
-1.51545e-39
-1.51531e-39
2.27652e-13
-2.69013e-38
-3.84522e+37
1.02883e+33
1.11085e-20
1.3671e-20
-2.83936e+14
-1.39764e-20
4.61165e+18
-9.21802e+20
-9.21802e+20
2.34637e-38
96.1672
5.06702e-29
5.05125e-29
-3.67934e-39
7.95174e-28
-2.38009e+24
7.68442e+06
2.91198e+11
-2.7558e-35
-2.7558e-35
-1.51509e-36
nan
115871
115856
-3.39326e+38
-6.51024e-14
-1.17389e-38
-1.51531e-39
8.02137e-15
-1.52461e-41
-1.66088e-24
-4.92259e+27
-4.06211e-21
2.14238e-31
2.14239e-31
2.0924e-38
-2.02866e+38
-9.56321e+20
-9.21802e+20
2.65691e+38
-8.10269e-08
nan
5.05125e-29
5.05125e-29
-nan
1.18534e-38    <--37
4.28349e+37
-1.2733e-23
-2.76743e-29
-2.77211e-29
-7.95286e+21
4.09753e-24
3.73293e+09
115856
115856
-1.14573e-13
-8.35228e+11
-1.51546e-39
-1.51531e-39
2.28651e-13
1.94784e+38
nan
1.02908e+33
6.67039e-28
9.4078e-28
-3.27814e+14
-1.39764e-20
4.61162e+18
-9.21802e+20
-9.21802e+20
2.34637e-38
50.3165
5.06841e-29
5.05125e-29
-1.69037e-38
9.08766e-28
-1.88158e+22
8.11021e+06
2.5701e+12
-3.27981e-23
-3.27981e-23
-1.51509e-36
nan
115871
115856
-3.39326e+38
9.20368e-23
-1.1745e-38
-1.51531e-39
8.02137e-15
-6.46092e-27
-7.30417e-12
-3.37508e+35
1.09041e-12
1.15825e-09
1.15826e-09
2.0924e-38
-2.02866e+38
-9.56321e+20
-9.21802e+20
2.65691e+38
-1.49878e-37
nan
5.05125e-29
5.05125e-29
-nan
1.18534e-38    <--38
5.61185e+37
-1.2733e-23
-4.36568e-17
-4.37241e-17
-7.95578e+21
4.09753e-24
3.73293e+09
115856
115856
9.93765e-32
-48.3663
-1.51545e-39
-1.51531e-39
2.27659e-13
-2.69064e-38
2.27791e-38
1.02893e+33
3.81058e+18
6.10219e+18
nan
-1.97294e+28
-2.88226e+17
2.15135e-36
-9.21801e+20
5.85461e-39
4.32893
5.05501e-29
5.05125e-29
-2.89163
6.65804e-28
-2.34911e+19
6.79974e+06
2.23606e+10
-4.40379e-11
-4.26736e-11
1.69478e+38
nan
-1.51073e-36
-3.77662e-37
3.96134e-26
-9.74356e+07
1.34876e-36
-1.51531e-39
0.000137806
7.47622e-09
-2.53445e-29
-0.000249877
9.91725e-25
-7.43477e+36
-6.92196e+27
-1.70804e+38
-nan
9.02198e-41
0
2.625
4.40458e-19
-2.12103e-09
5.05118e-29
5.05125e-29
1.03545e-38
1.21288e-38    <--39
-9.46809e-38
-1.2733e-23
-1.69629e-05
-1.47055e-05
1.17289e-38
-1.08455e-10
-3.06947e-33
-1.54719e-33
7.13513e-15
-1.44209e+17
1.87468e+27
-6.06012e-39
-1.51531e-39
4.75921e+29
-6.86213e-36
2.0517e-38
1.02712e+33
-1.63047e+34
-4.13354e+14
nan
-1.97294e+28
1.70804e+38
1.26735e-38
1.26735e-38
1.95156e-39
-36.4747
30.6457
5.05125e-29
-2.89163
3.31324e-28
-1.54205e+19
4.15347e+06
14950.4
-2.88673
-2.2461
1.69478e+38
1.17194e-38
-2.47568e-32
-2.47565e-32
3.88056e-26
1.29363e-05
-3.02693e+26
-1.51538e-39
0.000137806
-2.9904e-08
128.528
7.85846e+25
-5.39947e+15
2.63488e+10
2.0765e-20
-1.70805e+38
nan
1.28107e-38
1.27653e-38
2.62503
-1.78149e-32
3.79487e-16
5.05886e-29
5.05125e-29
1.02627e-38
1.24959e-38    <--40
-9.46801e-38
-1.27329e-23
-195845
-135969
1.17349e-38
-1.6549e-15
-4.91116e-32
-2.47565e-32
7.13557e-15
-2.98216e-08
-7.14459e-38
-6.04508e-39
-1.51531e-39
1.1898e+29
-1.75106e-33
2.04894e-38
1.02566e+33
8.96821e-36
-102.011
nan
-1.97294e+28
1.70804e+38
1.28572e-38
1.28572e-38
1.95156e-39
-72.084
24.599
5.05125e-29
-2.87601
1.73551e-28
-9.87204e+18
2.97382e+06
0.0104736
-5.49659e+09
-3.60391e+09
1.69478e+38
1.17205e-38
-9.90304e-32
-9.90289e-32
3.88056e-26
-2.18898e-19
-4.12683e-07
-1.51538e-39
3.44515e-05
8.02704
-6.51811e+32
2.25527e-16
-1.01553e-21
5.45667e-24
-105.381
-1.70805e+38
nan
1.29025e-38
1.28572e-38
2.62503
5.86548e+06
-9.13802e-38
5.05882e-29
5.05125e-29
1.01709e-38
1.2955e-38    <--41
-9.54139e-38
-1.65109e-17
-6.24564e+13
-3.70638e+13
1.17399e-38
-6.31294e-21
-1.96446e-31
-9.90289e-32
7.13579e-15
6.46654e-27
1.17718e+26
-6.02124e-39
-1.51531e-39
2.97444e+28
-1.78794e-30
2.04621e-38
1.02437e+33
-1.35786e-34
3.68511e-19
nan
-1.97294e+28
1.70804e+38
1.28572e-38
1.28572e-38
1.95156e-39
-103.144
15.5864
5.05125e-29
-2.87601
9.70306e-29
-6.77349e+18
6.37208e-24
6.94126e-09
-2.92422e+17
-1.65349e+17
1.69478e+38
1.17194e-38
-9.90304e-32
-9.90289e-32
3.88056e-26
-3.06817e+17
1.39715e+09
-1.51538e-39
3.44515e-05
-9.25426e+18
-2.85475e-14
-4.91154e+24
6.24912e-39
1.91835e+12
-1.25458e+17
-1.70805e+38
nan
1.29025e-38
1.28572e-38
2.62503
1.92676e+07
4.40555e+27
5.05874e-29
5.05125e-29
1.0079e-38
1.3414e-38    <--42
-9.46783e-38
559.998
-5.81476e+20
-2.90401e+20
1.1744e-38
-9.86397e-23
-1.96446e-31
-9.90289e-32
7.13579e-15
-1.69516e-21
2.06429e-20
-5.83498e+25
-1.92074e+38
1.12958e-36
-1.06024e-37
1.67104e+38
9.85252e-32
-11265.6
1.78732
nan
1.87342e-37
1.70804e+38
1.87352e-37
1.87352e-37
1.17356e-38
-130.205
9.0363
5.05124e-29
-1.60988
3.45133e-29
-3.74822e+34
-nan
0.000122324
-1.40636e+24
-6.70116e+23
1.69478e+38
1.17194e-38
1.73472e+38
-9.58763e-38
nan
6.97538e-34
1.83644e-28
-1.51861e-39
-2.10276e-09
3.96907e-31
2.41667e-35
-1.65167e-09
-5.7613e-37
7.67721e+06
-467.531
-1.70805e+38
nan
1.96155e-37
1.92502e-37
-2.62515
8.26426e+22
5.30564e+22
3.14073e-29
1.97707
5.57903e-39
1.19443e-38    <--43
6.51163e-27
559.994
-2.24587e+27
-1.09251e+27
1.17479e-38
-6.16498e-24
-5.18388e-36
-1.5342e-36
7.24529e-15
4.25168e-22
-1.88669e+27
-5.18253e+10
-1.20046e+37
-394010
-1.0564e-37
-3.58887e-37
9.84523e-32
8.99001e+29
-1.44736e+26
nan
-1.97294e+28
1.70804e+38
1.88093e-37
1.88093e-37
1.1732e-38
-153.788
9.00861
5.05122e-29
-2.03516
1.63689e-29
-2.19052e+33
-nan
1.19457e-07
-2.25746e+30
-1.09406e+30
1.69478e+38
1.17173e-38
1.73462e+38
1.73459e+38
nan
3.77972e-20
4.71581e-29
-1.51574e-39
-1.35103e+16
-1.50862e-36
-1.51697e+23
-3.19604e-37
6.24912e-39
30.5318
-0.00185951
-1.70806e+38
1.00311e+38
1.90277e-37
1.88093e-37
-2.64078
4.98082e+26
2.81549e-29
5.33484e-29
1.98488
9.25237e-39
1.15768e-38    <--44
2.015
560
-1.40218e+33
-6.64061e+32
1.17514e-38
-3.85311e-25
-7.49383e-37
-9.5882e-38
2.89794e-14
-3.97685e+28
-5.06669e+35
2.17374e+17
-4.80184e+37
6.29328e+06
-1.05238e-37
2.25973e-38
9.83852e-32
-0.191255
-2.52258e+33
-6.64051e+32
1.69478e+38
1.17173e-38
6.13672e-36
1912.02
1560.01
5.67532e-10
9.04763
3.46435e+13
-1.14034e-10
9.9226e-30
-7.30177e+32
4.47706e-39
432.532
1.11847e-16
3.61478e-37
-5.82204e+35
-2.82954e+35
1.93924e-37
-6.4874e-27
1.50219
-4.45837e+28
7.69778e-29
1.31426e-10
-2.8682e-37
8.90347e+20
2.53437e-29
7.40023e-32
-1.05037e-37
-3.60868e-37
-6.60936e+32
-1.4829e+28
2.38889e+24
-1.48351e-36
1.16649e-38
-2.76906e+06
2.83126e-07
-1.78484e-26
5.09818e-29
-183.589
9.01888
1.19442e-38    <--45
-1.78095
5.25087e-30
-7.32074e+31
5.32361e-30
0.07129
-1.56846e+38
-7.60962e+37
1.768e+38
2.89933e-14
1.32613e-37
304518
772.252
0.00759078
6.47109e-29
-1.05508e-37
-9.98148e+33
-1.8665e-09
4.16982e+34
11200.2
-1.3798e+11
-1.41662e+14
8.61091e+09
6.13663e-36
2.14531e-37
1.1732e-38
1.16633e-38
9.00012
8.80396e-08
-1.41309e+08
1.25357e-29
-7.30177e+32
1.81377e-39
1.15765e-38
-2.40684e-35
1.18519e-38
2.58934e-37
1.24169e-37
1.925e-37
-4.05462e-28
nan
-3.97676e+28
7.69778e-29
-8.61316e-06
-8.62569e-06
-1.14655e+31
3.07963e-41
-3.52903e+31
3.07963e-41
1.4013e-45
0
