988.3    <--0
33.57
560
-2.01953
-0
-0
6.36541e-25
4.59163e-41
0
0
1.77965e-43
1.17087e-38
1.70803e+38
1.70801e+38
1.43493e-41
2.98555e+33
2.04041e-35
9.86084e-32
3.52643e-38
-5.62963e+14
1.67132e+35
4911.98
-1.32921e+36
0
0
4.5559e-41
3.38953e+38
5.34438e-29
5.32736e-29
-3.67935e-39
2.29718e-27
1.02023e+22
6.66532e-40
1.99426
1.1709e-39
1.78144e-38
2.16625e-22
nan
1.06499e-43
0
1.16631e-38
1.70141e+38
-1.16633e-38
-1.51531e-39
8.02137e-15
7.65419e-06
4.4671e-11
6.12223e-28
-2.60591e+38
3.25216e-19
7408.12
nan
-2.01072e+38
9.02198e-41
0
1.70141e+38
0
1.70803e+38
5.05125e-29
5.05125e-29
9.78054e-39
988.3    <--1
33.3508
560.001
-1.92383
-2.49524e+27
-4.60197e+26
6.36787e-25
7.02541e-39
0
0
1.77965e-43
1.17087e-38
-1.51546e-39
-1.51531e-39
7.74658e+25
2.98587e+33
1.09033e-35
9.86806e-32
-6.08463e+31
-1.58697e+29
-4.10727e-32
2263.93
-1.32921e+36
0
0
4.5559e-41
3.38953e+38
5.06828e-29
5.05125e-29
-3.67934e-39
2.30981e-27
4.0474e+24
2.22774e-39
1.99426
5.02797e-39
2.15422e+14
-3.31886e+32
nan
1.06499e-43
0
1.16631e-38
1.70141e+38
-1.16633e-38
-1.51531e-39
8.02137e-15
7.65419e-06
-2.60019e-21
2.50766e-24
-2.60591e+38
5.72021e-06
118.428
2.1396e-38
-2.01075e+38
9.02198e-41
0
1.70141e+38
0
1.70803e+38
5.05125e-29
5.05125e-29
9.78054e-39
988.3    <--2
33.3524
560.001
-1.87695
-2.22443e+27
-5.23071e+26
6.39015e-25
7.02541e-39
0
0
1.77965e-43
1.17087e-38
-1.51546e-39
-1.51531e-39
7.74658e+25
2.98587e+33
1.09584e-35
9.86806e-32
-2.37681e+29
-4.15913e+34
-1.5893e-34
6272.11
-1.32921e+36
0
0
4.5559e-41
3.38953e+38
5.06828e-29
5.05125e-29
-3.67934e-39
2.30981e-27
1.58874e+25
2.22774e-39
1.99426
3.2831e-39
1.3189e+13
-2.01429
nan
1.06499e-43
0
1.16631e-38
1.70141e+38
-1.16633e-38
-1.51531e-39
8.02137e-15
7.65419e-06
-2.53925e-24
2.50766e-24
-2.60591e+38
8.12874e-20
0.462914
2.14147e-38
-2.01075e+38
9.02198e-41
0
1.70141e+38
0
1.70803e+38
5.05125e-29
5.05125e-29
9.78054e-39
988.257    <--3
33.3543
560.002
-1.81445
2.03875e-38
-1.98072e+31
6.6417e-25
2.34629e-35
3.67348e-40
3.67348e-40
9.16547e-41
1.17069e-38
-1.51546e-39
-1.51531e-39
7.74706e+25
2.67181e+33
1.12332e-35
9.86565e-32
-3.29855e+12
1.61445e-27
6.64289e-24
8.46644e+13
-4.70191e-38
2.64908e-23
2.64908e-23
2.34636e-38
3.13698e+38
5.10772e-29
5.05125e-29
-3.86301e-39
-2.36951e+27
2.51633e+29
5.74696e-40
2.00415
-nan
1.19407e-38
9.93253e-32
nan
6.06641e-39
6.06124e-39
-3.38954e+38
1.51116e+23
-4.68365e-38
-1.51567e-39
1.28342e-13
0.00195947
6.52864e+37
-6.44746e+37
6.24912e-39
-2.23355e-08
-9.91766e-38
2.22443e-38
-2.01261e+38
7.62588e+35
6.67109e+35
1.7078e+38
3.57331e-43
1.70803e+38
5.05125e-29
5.05125e-29
9.78054e-39
986.522    <--4
33.3529
560
-1.82227
3.50578e-34
-6.18978e+27
7.83459e-25
1.35386e-24
1.81837e-38
1.81837e-38
9.16547e-41
1.17022e-38
-1.51546e-39
-1.51531e-39
7.74658e+25
1.19868e+33
1.09957e-35
9.8605e-32
-9.06699e+23
-1.7747e-15
4.0545e-28
5.66982e+36
-1023.99
7.00054e-18
7.00052e-18
2.34636e-38
3.16356e+38
5.06828e-29
5.05125e-29
-3.67934e-39
1.03456e-11
6.78292e+26
-nan
2.00415
-nan
1.15746e-38
-4.90991e-32
nan
5.3313e-38
5.32668e-38
-3.38961e+38
2.47588e+27
-1.16633e-38
-1.51531e-39
8.02137e-15
-3.97428e+28
-804702
-6.44746e+37
6.24912e-39
-3.40778e-13
-1.01246e-37
1.56075e+38
-2.01458e+38
5.25905e-28
4.1043e-28
1.72893e+38
3.57331e-43
1.70803e+38
5.0907e-29
5.05125e-29
9.78054e-39
982.26    <--5
33.3549
560
-1.7207
9.6296e-33
-6.00407e+28
9.8542e-25
1.1191e-12
2.39522e-37
2.39522e-37
9.16547e-41
1.17019e-38
-1.51546e-39
-1.51531e-39
7.74658e+25
2.27177e+32
1.10093e-35
9.8605e-32
-8.85449e+20
-2.9774e-08
-1.51715e+23
-8.57262e-19
-5.04864e-29
33607.2
33607
2.34636e-38
3.13698e+38
5.06828e-29
5.05125e-29
-3.67934e-39
-2.13649e+07
7.71498e+25
-nan
2.00415
-nan
1.19426e-38
-1.51554e-36
nan
1.48235e-36
1.48121e-36
-3.38974e+38
6.1897e+26
-1.16633e-38
-1.51531e-39
8.02137e-15
-9.70284e+24
-6.81588e-16
-6.44746e+37
6.24912e-39
-3.57368e-07
-1.02434e-37
2.17259e-38
-2.01651e+38
-186.463
-132.762
1.76471e+38
3.57331e-43
1.70803e+38
5.05125e-29
5.05125e-29
9.78054e-39
975.471    <--6
33.3554
560
-1.70508
7.35701e-32
-2.22143e+25
1.23098e-24
0.912109
1.45782e-35
1.45782e-35
9.16547e-41
1.17019e-38
-1.51546e-39
-1.51531e-39
7.74658e+25
1.71322e+31
1.10616e-35
9.8605e-32
-3.45878e+18
6.15618e-33
-6.488e-27
-64768.9
2.88226e+17
-6.32513e-36
-6.32508e-36
2.34636e-38
3.13698e+38
5.06828e-29
5.05125e-29
-3.67934e-39
-194562
1.03525e+26
-nan
2.00415
-nan
1.1943e-38
1.05384e+34
nan
1.94528e-34
1.94142e-34
-3.38992e+38
6.1897e+26
-1.16633e-38
-1.51531e-39
8.02137e-15
4.3509e-19
-3.79982e+27
-6.44746e+37
6.24912e-39
-0.00146387
-1.03272e-37
5.52648e-36
-2.01848e+38
-1.01694e-29
-6.73286e-30
1.81518e+38
3.57331e-43
1.70803e+38
5.05125e-29
5.05125e-29
9.78054e-39
966.155    <--7
33.355
560
-1.72852
3.18932e-31
-1.94942e+25
1.47025e-24
7.79536e+11
4.18981e-33
4.18981e-33
9.16547e-41
1.17019e-38
-1.51546e-39
-1.51531e-39
7.74658e+25
5.4361e+29
1.10772e-35
9.8605e-32
-2.16174e+17
1.539e-33
-2.92193e-11
-4.90294e+27
1.42107e-14
-1.00068e+19
-1.00067e+19
2.34636e-38
3.13698e+38
5.06828e-29
5.05125e-29
-3.67934e-39
5.13484e-16
3.66104e+25
-nan
2.00415
-nan
1.19433e-38
8.43894e+37
nan
1.20433e-31
1.20214e-31
-3.39016e+38
6.33825e+29
-1.16633e-38
-1.51531e-39
3.20855e-14
1.44302e+17
6.52768e+37
-6.44746e+37
6.24912e-39
-1.90125e+30
4.68799e+37
-8.91938e-38
-2.01952e+38
1.39587e+16
9.94675e+15
1.87889e+38
3.57331e-43
1.70803e+38
5.05125e-29
5.05125e-29
3.90307e-39
954.916    <--8
33.3571
560
-2.16016
4.49898e-31
-2.1887e+30
1.54123e-24
2.61664e-05
3.74849e-30
3.74849e-30
9.16547e-41
1.17108e-38
-1.51546e-39
-1.51531e-39
2.27659e-13
1.00797e+28
1.14213e-35
9.8605e-32
5.77782e-34
4.77037e-07
2.53407e-29
-8.33479e+31
-7.52306e-37
-4.04919e+16
-4.04918e+16
2.34636e-38
3.37624e+38
5.06828e-29
5.05125e-29
-3.67934e-39
87.5003
1.57876e+31
-nan
2.00415
-nan
1.15761e-38
-1.88045e-37
nan
1.33494e-28
1.3337e-28
-3.39042e+38
3.96141e+28
-1.16633e-38
1.92074e+38
8.02116e-15
1.73697e-18
1.06482e-17
-6.44746e+37
6.24912e-39
-0.374758
1.8807e+38
2.19555e-38
-2.0205e+38
-8.77148e-36
-6.88933e-36
1.94758e+38
3.57331e-43
1.70803e+38
5.0907e-29
5.03026e-29
3.90306e-39
942.731    <--9
33.365
560
-1.87695
9.7991e-31
-1.64796e+31
1.76412e-24
0.0352783
5.95944e-27
5.95944e-27
9.16547e-41
1.17029e-38
-1.51546e-39
-1.51531e-39
2.27652e-13
1.32059e+26
1.14865e-35
9.8605e-32
-6.38033e+37
-1.99984
1.03808e-25
3.13705e-30
-1.29245e-26
1.88534e-27
5.95944e-27
-3.39057e+38
-3.67342e-39
-3.67922e-39
-1.75219e+16
6.4101e+31
-nan
2.00415
67.875
114.629
2.13621e-39
1.15762e-38
-3.68849e+19
9.86846e+27
5.31123e-26
-6.82171e+20
-1.08715e+19
-1.08714e+19
8.00273e-15
7.92364e+34
3.2181e+06
-6.44746e+37
6.24912e-39
8.9331e-22
933.069
-2.02792e+38
-7.52149e-37
-0.759788
-nan
-1.41276e+29
1.96281e-27
230.253
3.03854e-24
3.03854e-24
5.40338e+31
5.03781e-29
3.90306e-39
945.94    <--10
33.3644
3.38365e+24
-1.98975
1.18329e-30
-1.81341e+26
4.23237e-22
-9.94192e+27
3.42884e-18
-4.49091e-08
4.52603e-37
4.52601e-37
-1.51532e-39
-1.51531e-39
2.27659e-13
1.22034e+27
1.15263e-35
106.497
-2.33064e+29
-2.70913e-20
8.62403e+09
-nan
1.19437e-38
4.28465e+37
7.06484
2.78393e-22
2.78111e-22
5.05297e-29
5.05125e-29
-3.77117e-39
2.72348e+29
3.22322e+32
-9.33996e-38
785.598
-nan
1.19435e-38
-7.42629e+27
-1.04572e-37
1.45255e+38
-6.78766e+20
8.87241e+14
6.92007e+14
8.73436e-15
7.92364e+34
8.02124e-15
1.73697e-18
6.52768e+37
-6.44746e+37
917.206
-2.02792e+38
-7.52149e-37
-1.9102
2.97055e-30
-1.8105e+28
3.21933e-27
8.99504e+06
3.15777e-20
3.15777e-20
5.40338e+31
5.03781e-29
3.90306e-39
957.752    <--11
33.3647
1.47456e+22
3.73577e-24
nan
-8.0153e+28
-9.85561e-32
0.000122544
0.0159311
-2.37747e-30
-2.89795e+18
-2.89793e+18
2.27652e-13
3.22304e+38
2.27652e-13
1.21924e+27
1.15263e-35
0.00415018
7.77283e+31
-1.1785e+30
-4.67468e-38
-nan
1.16684e-38
1.07103e+37
7.06485
4.86015e-18
4.85548e-18
5.05406e-29
5.05125e-29
-3.77117e-39
2.72348e+29
3.22322e+32
0.496597
-785.534
-nan
1.19435e-38
-2.83269e+22
-2.62183e-38
2.1671e-38
-6.79242e+20
-4.22824e-26
-3.32372e-26
-3.35958e-39
-1.51531e-39
3.20855e-14
1.44302e+17
6.52768e+37
-6.44746e+37
900.218
-2.02646e+38
-7.52149e-37
-1.9102
5.3248e-30
-2.38482e+23
2.61929e-27
1.96068e+12
9.031e-16
9.031e-16
5.40338e+31
5.03781e-29
3.90306e-39
957.752    <--12
33.3647
3.43146e+19
3.74253e-24
nan
-1.31323e+33
-3.68821e+19
-2.72118e-20
2.73267e+11
3.55807e+21
2.18697e+35
2.18696e+35
2.27652e-13
1.3206e+26
1.14865e-35
9.8605e-32
1.13788e-35
-4.42485e+08
9.9046e+31
-1.1785e+30
-4.67468e-38
5.2806e-40
1.15766e-38
4.41779e+37
7.06486
2.15164e-13
2.15086e-13
5.05525e-29
5.05125e-29
-3.77117e-39
-0.00125123
6.81901e+27
2.29015e+18
-1.63134e+37
9.86853e+27
8.73966e+37
1.80572e-35
1.90012e+38
2.22647e-38
-6.79494e+20
1.4742e+28
1.33412e+28
-4.08028e-39
-1.51531e-39
3.20855e-14
-2.77916e-17
-7.14617e-10
-6.44746e+37
882.03
-2.02795e+38
-7.52149e-37
-1.86333
6.8532e-30
-2.02779e+31
2.79585e-27
1.67386
5.59752e-11
5.59752e-11
3.90306e-39
939.414
33.3636
945.953    <--13
33.3644
5.89789e+16
-0.951679
4.56057e-31
-1.43405e+31
1.7332e-18
-2.10528e+06
1.87422e+22
1.04562e-17
-8.50009e-33
-8.50008e-33
-1.51535e-39
-1.51531e-39
7.74658e+25
1.21898e+27
1.15263e-35
4.48731e-23
8.57356e+31
-1.1785e+30
-4.67468e-38
-nan
1.18522e-38
8.50528e+37
7.06487
1.99372e-08
1.99301e-08
5.05652e-29
5.05125e-29
-3.67934e-39
1.03456e-11
6.78292e+26
4.66258e-10
-0.000749005
9.86853e+27
8.73966e+37
-1.21683e+32
-2.63209e-38
9.86942e+36
-6.79962e+20
-2.16558e+14
-1.98836e+14
1.00387e-14
7.92364e+34
8.02124e-15
1.73697e-18
6.52768e+37
-6.44746e+37
862.358
-6126.5
-1.03648e-37
-1.93912
1.12413e-29
-2.00549e+29
3.12399e-27
12432.2
1.97527e-41
3.90318e-39
957.752
957.836
-4.72729e+16
33.3647    <--14
33.3769
1.08612e+16
-0.951683
-9.47264e-38
-1.46846e+34
0.000203399
0.000203346
0.0158965
-2.37747e-30
-2.89795e+18
-2.89793e+18
2.27652e-13
4.58021e+24
-1.51904e+28
1.15431e-35
1.22201e-35
-4.22043e+14
2.55994e+31
9.80529e+36
4.78765e-07
-6.96884e-16
-6.51039e-16
1.55893e+37
7.06484
2.71457e-23
2.71112e-23
5.05272e-29
5.05125e-29
846.457
1.03456e-11
6.78292e+26
-1.89191
-0.00123596
-3.57603e+28
1.28105e-38
2.78478e+06
0.129143
0.129143
-6.79242e+20
-4.22824e-26
-3.32372e-26
-3.35958e-39
-1.51531e-39
2.01927e+11
3.3134e-18
6.52768e+37
-6.44746e+37
-2.08551e-07
-1.67627e+14
-1.98796e-28
2.51712e+33
1.48886e+28
1.48886e+28
2.5432e-27
5.99291e+10
6.46804e-17
6.46804e-17
5.05125e-29
-7.6988e+12
1.16341e-40
957.756    <--15
33.3647
-nan
-0.953014
1.68751e+38
-1.46847e+34
113.15
113.131
-7.12112e+26
-1.38987e+19
-1.08714e+19
1.34001e-13
2.27652e-13
0.00666731
-2.60941e+38
7.43175e+28
1.1543e-35
-3.74466e+28
2.56396e+31
nan
4.79085e-07
3.71223e+18
3.55547e+18
2.49114e-27
7.06493
3.60418e-25
3.6042e-25
-3.67922e-39
-1.75537e+16
823.893
2.01109e+29
3.22322e+32
-2.51805e+30
2.15302e-29
-8.07974e+21
1.45566e-38
3.74081e+09
115856
115856
-6.82171e+20
-1.08425e+19
-1.08714e+19
8.00273e-15
7.92364e+34
6.95211e+07
3.31361e-18
6.52768e+37
-6.44746e+37
-6.04306e+23
-1.15226e-33
-3.52375e-18
1.5732e+32
3.91551e+27
3.91551e+27
5.95938e-27
1.9973e-25
3.6042e-25
3.35442e-29
5.40338e+31
6.11881e-32
8.93254e-39
957.756    <--16
33.3647
-nan
-0.953017
-1.19842e-35
-1.46847e+34
1.34548e+08
1.34533e+08
-7.12303e+26
9.78034e+32
-1.08714e+19
1.34001e-13
2.27652e-13
6.35844e-09
2.27884e-13
7.43876e+28
1.1543e-35
1.70385e+07
1.18519e+32
nan
4.79318e-07
-1.73756e-22
-1.71728e-22
2.62036e-27
7.06493
3.60418e-25
3.6042e-25
-3.67922e-39
-1.75537e+16
800.192
2.01114e+29
3.22322e+32
-2.51805e+30
2.72156e-29
-2.42024e+22
1.61153e-38
3.00582e+11
2.04356e+11
2.04356e+11
-6.82171e+20
-1.08419e+19
-1.08714e+19
8.00273e-15
7.92364e+34
17144.4
3.3477e-18
6.52768e+37
-6.44746e+37
2.58427e-26
-128.496
-6.12324e-08
2.45812e+30
-1.60871e+25
-1.60871e+25
5.95938e-27
1.98922e-25
3.6042e-25
3.35442e-29
5.40338e+31
-8.55968e+35
2.33518e+33
957.756    <--17
33.3647
2.4026e+23
1.18526e-38
-3.00801e-36
-1.46847e+34
3.43772e+14
3.438e+14
-7.12503e+26
9.78034e+32
-1.08714e+19
1.34001e-13
2.27652e-13
-1.28965e+23
-1.1424e-08
7.43882e+28
1.1543e-35
1.70385e+07
-2.64798e-38
1.97242e-38
4.79562e-07
5.86145e+13
6.00161e+13
2.7558e-27
7.06493
3.60418e-25
3.6042e-25
-3.67922e-39
-1.75537e+16
775.378
2.72913e+29
3.22322e+32
-9.33996e-38
3.5972e-29
-5.12827e+21
1.7586e-38
4.45219e+13
6.86185e+17
6.86185e+17
-6.82171e+20
-1.08419e+19
-1.08714e+19
8.00273e-15
7.92364e+34
3.00121
3.33007e-18
6.52768e+37
-6.44746e+37
7.99792
2.47475e-32
-253.003
9.33651e-35
-1.03248e+21
-1.03248e+21
5.95939e-27
1.98922e-25
3.6042e-25
3.35442e-29
5.40338e+31
-1.38698e-17
1.1828e+33
957.752    <--18
33.3647
-nan
1.1669e-38
-2.36712e-38
-1.46847e+34
1.65418e+21
1.65454e+21
-7.12713e+26
9.78034e+32
-1.08714e+19
1.34001e-13
2.27652e-13
-8.82411e-26
3.61996e+21
7.43181e+28
1.1543e-35
-3.74466e+28
-2.65089e-38
nan
4.79798e-07
-1.68182e-31
-1.76838e-31
2.89731e-27
7.06493
3.60418e-25
3.6042e-25
-3.67922e-39
5.05125e-29
749.505
2.01118e+29
3.22322e+32
-2.00403
4.18096e-29
-3.86242e+29
1.86878e-38
6.44794e+07
4.39006e+24
4.39006e+24
-6.82171e+20
-1.08436e+19
-1.08714e+19
8.00273e-15
-1.51547e-39
0.000362583
3.33854e-18
6.52768e+37
1.45965e-34
5.49953e+11
2.4749e-32
-1.66789e+07
-3.933e+31
235.263
235.263
5.95939e-27
2.0882e-25
3.6042e-25
3.35442e-29
5.06846e-29
2.02726e-23
7.87295e+32
957.752    <--19
33.3647
-nan
1.1669e-38
-2.36838e-38
-8.20774e+31
1.25531e+28
1.25674e+28
-7.12929e+26
1.60241e+37
-1.08714e+19
1.34001e-13
2.27652e-13
-1.28965e+23
-4.46136e-11
4.22614e+26
1.15579e-35
-3.68925e+19
1.91954e+38
-1.38537e+20
-4.68042e-38
2.28854e-33
2.90138e-33
3.04231e-27
7.06493
3.60418e-25
3.6042e-25
-3.67922e-39
-1.75537e+16
-4.84565e-39
-9.18593e-11
5.25485e+32
-3.82565e-34
4.78025e-29
-4.39475e+28
1.4322e+38
0.519356
3.93689e+31
3.93689e+31
-6.79602e+20
9.72729e+32
8.84626e+32
9.68457e-15
4.15923e+34
3.40195e-08
-8.18102e+37
6.24912e-39
-2.88879e-34
1.6117e+37
9.04268e+15
-7.14957e+16
-1.47795e+26
-1.91053e+28
-1.91054e+28
5.9594e-27
1.98114e-25
3.6042e-25
3.35442e-29
5.40338e+31
1.6309e+17
8.48141e+32
939.414    <--20
33.3636
560
1.18527e-38
-2.09965e-37
-8.20776e+31
1.53337e+35
1.53482e+35
-7.13151e+26
3.91213e+33
-1.08714e+19
1.34001e-13
2.27652e-13
-3.36613e-31
-1.34818e+13
9.86053e-32
-6.38033e+37
-9.63267e+29
4.80417e+37
-6.47906e-18
-4.68157e-38
-3.82074e+30
-5.01014e+30
3.19264e-27
7.06493
3.60418e-25
3.6042e-25
-3.67922e-39
-1.75537e+16
695.54
2.72916e+29
3.22322e+32
-4.12557e+34
6.12863e-29
-2.49041e+26
1.53866e+38
25.3694
-4.59177e-41
-4.59177e-41
-6.82171e+20
-1.08422e+19
-1.08714e+19
8.00273e-15
7.92364e+34
2.26213e-12
2.76937e+17
6.52768e+37
-2.45951e+32
-4.43932e-16
2.66876e+36
-1.23299e+27
-1.77901e-09
5.2944e-26
5.29444e-26
5.9594e-27
1.98922e-25
3.6042e-25
3.35442e-29
5.40338e+31
2.38433e+14
8.73494e+32
560    <--21
-1.98633
32.065
1.18528e-38
8.33835e+37
-8.20777e+31
-3.37152e-35
-3.37648e-35
-7.13383e+26
9.78034e+32
-1.08714e+19
1.34001e-13
2.27652e-13
2.15432e-29
3.68933e-35
7.43882e+28
1.09318e-35
-4.05637e+31
-2.65814e-38
-3.84496e+37
-4.68279e-38
8.60573e+14
1.20811e+15
3.4671e-27
7.06493
3.60418e-25
3.6042e-25
-3.67922e-39
-1.75537e+16
666.911
2.01116e+29
3.22322e+32
-2.51805e+30
7.69138e-29
-3.03443e+26
1.65163e+38
1167.64
-2.04224e-31
-2.04224e-31
-6.82171e+20
-1.08419e+19
-1.08714e+19
8.00273e-15
7.92364e+34
9.93753e-17
3.33177e-18
6.52768e+37
-6.44746e+37
-3.35432e+07
1.08841e-19
-5.46228e+36
-1.6966e-15
-0.000274131
-0.000274133
5.95941e-27
1.98922e-25
3.6042e-25
3.35442e-29
5.40338e+31
5.11733e-32
6.55457e+32
957.756    <--22
33.3647
-nan
1.16691e-38
4.28384e+37
-4.55245e+28
-1.54787e-27
-1.54979e-27
-7.13624e+26
9.78034e+32
-1.08714e+19
1.34001e-13
2.27652e-13
3.46187e+31
1.01397e-23
7.43181e+28
1.1543e-35
-3.90961e-25
-2.66081e-38
2.40817e+36
1.93135e-27
0.000189252
0.000286531
3.79221e-27
7.06493
3.60418e-25
3.6042e-25
-3.67922e-39
-1.75537e+16
637.171
2.01117e+29
3.22322e+32
-2.51805e+30
9.12484e-29
-1.31047e+23
7.10929e-24
55023.1
-1.38139e-23
-1.38139e-23
-6.82171e+20
-1.08419e+19
-1.08714e+19
8.00273e-15
7.92364e+34
3.01729e-21
2.76797e+17
6.52768e+37
-6.44746e+37
-2.85091e+29
-1.19668e-07
8.01209e-31
2.31219e+27
-5.51862e+15
-5.51867e+15
5.95941e-27
1.98922e-25
3.6042e-25
3.35442e-29
5.40338e+31
2.38283e+34
6.01541e+32
957.756    <--23
33.3647
-nan
1.16692e-38
-1.91976e-06
-4.55246e+28
-1.52705e-19
-1.52996e-19
-7.13875e+26
9.78034e+32
-1.08714e+19
1.34001e-13
2.27652e-13
-0.000104177
-2.48586e+32
7.43882e+28
1.1543e-35
1.70385e+07
4.81876e+37
1.53025e+38
1.93219e-27
-2.60069e-24
-4.22886e-24
4.12975e-27
7.06493
3.60418e-25
3.6042e-25
-3.67922e-39
-1.75537e+16
606.319
2.01117e+29
3.22322e+32
-2.51805e+30
1.1044e-28
-3.00686e+21
7.93516e-24
843505
-1.82704e-15
-1.82704e-15
-6.82171e+20
-1.08419e+19
-1.08714e+19
8.00273e-15
7.92364e+34
6.2883e-26
3.33372e-18
6.52768e+37
-6.44746e+37
2.58427e-26
6.36283e+29
3.44116e-21
2.78319e-08
4.32163e+32
4.32166e+32
5.95942e-27
1.98922e-25
3.6042e-25
3.35442e-29
5.40338e+31
-1.36429e-20
6.3957e+32
957.752    <--24
33.3647
2.4026e+23
1.16692e-38
-3.00797e-36
-4.55247e+28
-1.66737e-15
-1.08629e+19
1.34001e-13
2.27652e-13
-2.00637e-38
-4.07235e+36
7.43181e+28
-2.00654e-38
1.37893e+38
-6.44746e+37
3.04793e-21
-5.51888e+11
8.97852e-19
6.17993e-24
1.93277e-27
4.51847e-08
2.55244e+30
3.60416e-25
-3.52584e-09
-3.53165e-09
590.773
2.01117e+29
-1.78925e+16
-4.20469e+09
33.3647
-1.33371e+07
-6.21342e+31
-3.00797e-36
-4.55247e+28
8.33867e-24
36.295
nan
-1.08206e+19
-4.23846e+36
-7.51791e+36
4.56876e-27
3.33372e-18
6.52768e+37
4.11498e+35
1.15431e-35
1.70385e+07
566.192
nan
1.93278e-27
3.44365e-21
1.43632e-28
-1.54203e+18
1.40935e-25
1.3007e+08
-6.80546e-05
-6.80546e-05
6.3957e+32
957.752
-1.36429e-20
3.23011e+32
-9.33996e-38    <--25
4.87849e-32
-7.81973e+21
8.35026e-24
-1.12358e-37
0.574602
3.79594e-20
1.55414e-08
-6.79465e+17
2.08897e-14
2.08899e-14
1.34003e-13
2.27652e-13
-1.28965e+23
-1.1424e-08
7.43882e+28
1.85489e+25
-2.09823e+12
8.97852e-19
6.17993e-24
1.93277e-27
4.51849e-08
-2.12875e-37
3.60416e-25
-1.57269
-1.57617
3.61486e-25
-3.67922e-39
-1.75537e+16
781.686
2.72916e+29
1.22425e-32
-6.21239e+31
-3.00797e-36
-4.55247e+28
8.33867e-24
36.3272
1.45585e+38
-1.08251e+19
4.09705e+30
7.7425e+30
-2.81671e+19
8.00273e-15
7.92364e+34
235.898
2.76629e+17
6.52768e+37
532.84
nan
1.93278e-27
6.88121e-19
1.71183e-28
-1.26966e+19
1.53875e-25
6.37834e+09
-41927.1
-41927.1
3.35442e-29
5.40338e+31
5.55751e+26
4.5196e+32
957.756    <--26
4.37854e-37
-7.81973e+21
8.35026e-24
-1.12358e-37
4.23981e+19
-7.50917
62.2508
-2.59195e+12
-4.56801e+17
-4.56806e+17
1.34003e-13
2.27652e-13
-1.28965e+23
-1.1424e-08
7.43882e+28
-1.27194e+29
-2.09823e+12
8.97852e-19
6.17993e-24
1.93259e-27
-2.5142e+29
-1.8651e-37
3.60417e-25
-1.31127e+09
-1.31539e+09
3.6158e-25
-3.67922e-39
-1.75537e+16
781.686
2.72916e+29
4.36828e+12
-6.21118e+31
-3.00797e-36
-4.55247e+28
8.33867e-24
9.99016e+06
1.44616e+38
-1.08299e+19
6.18682e+22
1.24197e+23
-3.03215e+19
8.00273e-15
7.92364e+34
235.898
2.76629e+17
6.52768e+37
498.376
nan
1.93278e-27
6.88121e-19
3.21825e-24
-1.01859e+17
1.67608e-25
9.66847e+10
-4.99829e+13
-4.99829e+13
3.35442e-29
5.40338e+31
5.55751e+26
4.5196e+32
957.756    <--27
-1.2874e+32
-7.81973e+21
8.35026e-24
-1.12358e-37
-1.75388e-39
-8.37201e+13
1.08446e+12
-3.11995e-23
1.34385e-30
1.34386e-30
1.34003e-13
2.27652e-13
-1.28965e+23
-1.1424e-08
7.43882e+28
7.7684e+17
-2.09822e+12
8.97852e-19
6.17993e-24
1.93259e-27
-2.60067e-24
-1.62625e-27
3.60417e-25
-2.12864e+18
-2.13351e+18
3.61676e-25
-3.67922e-39
-1.75537e+16
781.686
2.72916e+29
1.74731e+13
-6.209e+31
-3.00797e-36
-4.55247e+28
8.14298e-24
841969
nan
-1.08344e+19
-3.64885e+12
-7.75951e+12
-3.25458e+19
8.00273e-15
7.92364e+34
235.898
2.76629e+17
6.52768e+37
462.801
nan
1.93278e-27
6.88121e-19
1.81198e-05
-2.04907e+16
1.80531e-25
7.76837e+12
-1.15637e+23
-1.15637e+23
3.35442e-29
5.40338e+31
7.89228e+06
6.39571e+32
957.752    <--28
-2.0426e+21
-nan
1.16689e-38
-7.49042e-37
-3.83288e-20
9.87689e-35
-2.10533e+06
-1.90427e-27
-0.0017832
-0.00178322
1.34004e-13
2.27652e-13
-5.40916e+29
-4.0733e+36
7.43181e+28
6.01603e+07
-1.63458e+28
1.91518e+38
1.50709e+38
4.79449e-07
4.51852e-08
-1.86498e-37
3.60417e-25
-7.13119e+27
-7.15408e+27
3.61776e-25
-3.67922e-39
-1.75537e+16
637.171
2.01117e+29
-1.28929e+33
-5.645e+19
4.18096e-29
-4.59397e+26
1.8688e-38
36.4201
2.00651e-38
-1.08392e+19
-0.837327
-1.88867
-3.48398e+19
8.00273e-15
7.92364e+34
4.29744e-20
3.33372e-18
6.52768e+37
426.114
2.19843e+12
-0.125492
-1.66789e+07
2.85894e-28
-5.63831e+14
1.94213e-25
1.5403e+14
-5.22171e+32
-5.22171e+32
3.35442e-29
5.40338e+31
7.89228e+06
6.39571e+32
957.752    <--29
-1.51948e+10
-nan
1.18526e-38
8.50443e+37
-0.0441902
1.61239e-20
7.73277e+31
-0.147335
-9.21924e+21
-9.21933e+21
1.34004e-13
2.27652e-13
-5.40916e+29
-4.0733e+36
7.43181e+28
-1.18515e-11
-3.43938e+28
-2.65089e-38
nan
4.79798e-07
5.91579e-37
-9.49316e-07
3.60418e-25
-4.29824e+37
-4.31973e+37
3.61879e-25
-3.67922e-39
-1.75537e+16
756.04
2.01119e+29
3.22322e+32
1.47286e-34
2.9385e-29
-1.79858e+21
1.64857e-38
36.4475
9.10562e-32
-1.08434e+19
3.03236e-15
1.80623e-15
-9.37847e+18
8.00273e-15
-1.51547e-39
0.00342316
3.33754e-18
6.52768e+37
388.371
2.19443e+12
-4.25185e-22
-1.6653e+07
3.19026e-28
-3.3474e+29
2.03157e-25
6.63459e+07
3.8937e-35
3.8937e-35
3.35442e-29
5.06846e-29
-0.149477
1.09153e+33
957.752    <--30
-0.0581517
-3.2871e+38
1.18526e-38
7.28524e-36
-1.34254e+08
-3.53524e-29
2.14344e+37
38623.1
2.80842e+33
2.8084e+33
1.34001e-13
2.27652e-13
-8.82411e-26
3.61996e+21
7.43181e+28
-1.01262e-16
1.72669e+33
4.80417e+37
-6.47906e-18
-4.68157e-38
5.91579e-37
3.22731e-18
3.60418e-25
4.12355e-30
4.11828e-30
3.32383e+38
5.06828e-29
5.05125e-29
-3.86301e-39
4.62994e+29
-0.062077
2.20341e+17
4.78027e-29
-4.39475e+28
1.4322e+38
753096
9.3583e+30
-1.08465e+19
-3.56784e+18
-2.64573e+18
-1.05829e+19
8.00273e-15
7.92364e+34
3.91301e+09
-8.18102e+37
6.24912e-39
349.937
905.855
-6.89793e+18
-1.04047e-37
2.70978e-05
-1.52635e+29
2.23747e-25
24587.4
5.07586e-25
5.07586e-25
3.90318e-39
957.752
957.836
-4.72729e+16
33.3647    <--31
-1.31693e-13
1.08679e+15
3.16303e-24
nan
-1.54718e+26
-1.4141e-28
-3.13695e-30
-4.14712e+13
2.8664e+21
2.86639e+21
1.34001e-13
2.27652e-13
-8.82411e-26
3.61996e+21
7.43181e+28
4.42683e-15
2.45685e+33
1.24399e+32
-2.70913e-20
-nan
4.51855e-08
-9.47171e-38
3.60418e-25
7.55043e-20
7.54384e-20
3.60476e-25
-3.67922e-39
-1.75537e+16
688.487
2.72917e+29
1.9588e-31
-1.58025e-25
3.1436e-29
-2.55306e+22
1.68534e-38
843651
-3.67022e-31
-1.0851e+19
6.02524e-34
4.93615e-34
-1.18197e+19
8.00273e-15
7.92364e+34
2.26213e-12
2.76937e+17
6.52768e+37
310.403
2.19844e+12
-0.125492
-1.23253e+24
5.35835e+08
-4.63504e+20
2.49621e-25
479415
1.27763e-14
1.27763e-14
3.35442e-29
5.40338e+31
2.2019e-37
1.15238e+33
957.752    <--32
-1.39138e-25
1.77859e+19
3.16305e-24
2.6771e+36
3.40427e-35
-1.66073e-24
-5.37874e-20
2.10041e-39
-4.5298e+07
-4.52978e+07
1.34001e-13
2.27652e-13
-8.82411e-26
3.61996e+21
7.43181e+28
4.48309e-22
-3.73338e+28
1.91518e+38
1.50709e+38
-4.68157e-38
1.18533e-38
8.50417e+37
3.60419e-25
2.69629e-09
2.6949e-09
3.60587e-25
-3.67922e-39
-1.75537e+16
756.04
2.01119e+29
-1.92119e+25
-2.20166e+17
5.7586e-29
-4.24e+28
1.51207e+38
-2.68307e-38
2.14554e-38
-1.08558e+19
-4.60175e-11
-4.13094e-11
-1.30915e+19
8.00273e-15
7.92364e+34
0.0318812
3.33918e-18
6.52768e+37
269.757
4.8767e-20
-7.30462e-12
-1.57952e-05
4.86592e-28
-8.68756e+25
2.77089e-25
4.08108e+06
0.000656995
0.000656995
3.35442e-29
5.40338e+31
2.2019e-37
1.15238e+33
957.752    <--33
-6.68512e-38
1.77772e+19
3.16305e-24
2.6771e+36
6.13259e-19
6.80559e-38
-2.31459e-10
1.34001e-13
-6.93721e-10
-6.93721e-10
1.34001e-13
2.27652e-13
-8.82411e-26
3.61996e+21
7.43181e+28
2.67417e-36
2.8084e+07
-2.64712e-38
nan
4.79508e-07
-0.000186988
4.28377e+37
3.60419e-25
189.296
189.263
3.607e-25
-3.67922e-39
-1.75537e+16
756.04
2.01119e+29
3.06063e-33
-3.52059e+18
4.18096e-29
-4.59397e+26
-1.25957e+29
-2.68497e-38
1.51646e+38
-1.08603e+19
-5.47462e+10
-5.36381e+10
-1.43984e+19
8.00273e-15
7.92364e+34
235.898
2.76629e+17
6.52768e+37
227.998
2.19845e+12
-0.125492
-1.66789e+07
5.7429e-28
-4.08489e+23
3.04554e-25
8.55058e+07
6.24685e+07
6.24685e+07
3.35442e-29
5.40338e+31
5.55751e+26
4.5196e+32
957.756    <--34
3.99284e+15
2.4057e+23
1.18526e-38
-3.00801e-36
0.0110475
-8224.27
-4.09349
1.03678e+13
1.64925e-28
1.64925e-28
1.34002e-13
2.27652e-13
-1.28965e+23
-1.1424e-08
7.43882e+28
-1.79273e-07
2.53314e+07
-2.64712e-38
nan
4.79508e-07
1.18533e-38
2.1175e+37
3.6042e-25
2.60175e+13
2.6022e+13
3.60817e-25
-3.67922e-39
-1.75537e+16
781.686
2.72916e+29
-1017.07
-12.2041
3.1436e-29
-2.55306e+22
1.64857e-38
-2.68678e-38
2.1049e-38
-1.08651e+19
1.02061e+30
1.08168e+30
-1.57405e+19
8.00273e-15
7.92364e+34
235.898
2.76629e+17
6.52768e+37
185.131
4.87671e-20
-7.30462e-12
-6.12343e-08
6.5383e-28
-2.48513e+17
3.30346e-25
1.72041e+09
1.24207e+19
1.24207e+19
3.35442e-29
5.40338e+31
5.55751e+26
4.5196e+32
957.756    <--35
4.3078e-11
2.40588e+23
1.18526e-38
-7.52003e-37
1.24384e+13
6.99915e+24
-1.7583e+10
-2.78309e+21
-7.05424e+28
-7.05425e+28
1.34002e-13
2.27652e-13
-8.82411e-26
3.61996e+21
7.43181e+28
81660.5
2.63798e+07
-2.64712e-38
nan
4.79508e-07
1.15779e-38
-3.00785e-36
3.6042e-25
7.03863e+24
7.04234e+24
3.60937e-25
-3.67922e-39
-1.75537e+16
756.04
2.01119e+29
1.86806e-37
-799108
3.1436e-29
-2.55306e+22
1.68534e-38
585.534
9.0906e+33
-1.08696e+19
-1.60448e-31
-1.83001e-31
-1.71172e+19
8.00273e-15
7.92364e+34
0.0318812
3.33918e-18
6.52768e+37
141.151
4.87671e-20
-7.30462e-12
-6.12343e-08
7.32716e-28
-2.11819e+20
3.57834e-25
3.3298e+10
4.58428e+30
4.58428e+30
3.35442e-29
5.40338e+31
2.2019e-37
1.15238e+33
957.752    <--36
9.2954e-38
-3.28134e+38
1.15772e-38
-2.3941e-37
9.90124e+27
2.79966e+25
-7.33444e+19
1.85963e-30
253217
253218
1.34002e-13
2.27652e-13
9.93507e-11
-1.59154e+34
7.43882e+28
-2.68654e-32
2.53795e+33
1.18061e+32
-1.1785e+30
-4.67468e-38
1.19452e-38
4.2836e+37
3.6042e-25
3.66201e+36
3.66545e+36
3.6106e-25
-3.67922e-39
-1.75537e+16
818.072
2.0111e+29
-8.25145e+34
-5.88867e+25
-0.000748999
9.86853e+27
8.73966e+37
-2.69017e-38
3.84516e+37
-1.08735e+19
2.77711e-21
3.41765e-21
-1.86075e+19
8.00273e-15
7.92364e+34
4.29744e-20
3.33372e-18
6.52768e+37
96.1728
-4.03052e-28
1.54667e-33
-4.81963e+21
7.96768e-28
-8.86653e+15
3.79421e-25
2.87955e+11
-2.737e-35
-2.737e-35
3.35442e-29
5.40338e+31
-3.61708e-36
8.12987e+31
957.752    <--37
-6.66004e-14
-3.28087e+38
1.15772e-38
-2.3941e-37
-2.35045e-38
-1.70074e-21
-4.93226e+27
-4.99192e-22
5.35579e-32
5.35582e-32
1.34002e-13
2.27652e-13
-2.25897e-23
-6.27226e-39
7.43181e+28
-8.79128e-06
2.14243e+33
4.80417e+37
-6.47906e-18
-nan
1.18534e-38
2.10933e+37
3.60421e-25
-2.74771e-29
-2.75239e-29
3.61185e-25
-3.67922e-39
-1.75537e+16
818.072
2.0111e+29
3.30058e+35
-8.35228e+11
5.7586e-29
-4.24e+28
1.62505e+38
586.164
2.0768e-38
-1.08772e+19
1.66758e-28
2.35189e-28
-2.14831e+19
8.00273e-15
7.92364e+34
6.95211e+07
3.31361e-18
6.52768e+37
50.3232
-4.03052e-28
1.54667e-33
-8.28007e+31
9.08766e-28
-1.85207e+22
3.99874e-25
2.56134e+12
-3.25913e-23
-3.25913e-23
3.35442e-29
5.40338e+31
-3.61708e-36
8.12987e+31
957.752    <--38
9.4902e-23
-3.28175e+38
1.15772e-38
-2.3941e-37
-6.46096e-27
-7.47925e-09
-3.41382e+35
5.36003e-13
2.89556e-10
2.89558e-10
1.34003e-13
2.27652e-13
-2.25897e-23
-6.27226e-39
7.43181e+28
-3.65821e-29
2.3148e+33
4.80417e+37
-6.47906e-18
-nan
1.18534e-38
2.67663e+36
3.60421e-25
-4.344e-17
-4.35072e-17
3.61313e-25
-3.67922e-39
-1.75537e+16
818.072
2.0111e+29
3.44596e-18
-48.3664
2.00418
1.63009e-39
1.1576e-38
-2.6907e-38
2.27791e-38
-1.08749e+19
9.52636e+17
1.52551e+18
nan
-1.17546e-38
-1.51531e-39
1.6929e-36
3.3136e-18
5.85467e-39
4.33583
6.25948e-39
3.02986e-28
-2.89172
6.65804e-28
-2.34911e+19
3.35253e-25
2.22921e+10
-4.40379e-11
-4.24462e-11
nan
5.07806e-29
-1.51072e-36
-3.77662e-37
3.88056e-26    <--39
-6.76147e+07
1.34878e-36
-2.16016
0.000139237
7.47622e-09
-2.53445e-29
-0.000249877
4.87492e-25
-1.85865e+36
-1.73045e+27
-1.70804e+38
-3.00177e-34
1.51782e-39
1.46939e-39
2.625
1.13596e-27
-2.15013e-09
9.24446e-33
4.04116e-28
1.03545e-38
1.21288e-38
-3.81662e-37
3.60419e-25
-1.68437e-05
-1.46459e-05
1.17289e-38
-5.8435e-11
-3.06947e-33
-1.54719e-33
7.13513e-15
4.15653e+34
7.67867e+30
3.03108
1.63009e-39
4.75921e+29
-6.86213e-36
2.0517e-38
-1.08493e+19
-4.07614e+33
-1.03336e+14
nan
-1.17546e-38
1.70804e+38
1.26735e-38
1.26735e-38
1.95156e-39
-36.4676
30.6458
3.02986e-28
-2.89172
3.31324e-28
-1.54205e+19
2.04785e-25
14853.7
-2.87111
-2.23047
nan
1.17192e-38
-2.47568e-32
-2.47565e-32
3.88056e-26    <--40
1.25035e-05
-3.0274e+26
-2.16017
0.000139237
-2.9904e-08
128.528
7.91867e+25
-2.65416e+15
6.58706e+09
5.19115e-21
-1.70805e+38
nan
1.28107e-38
1.27653e-38
2.62503
-7.08236e-37
3.98569e-16
9.25685e-33
4.04116e-28
1.02627e-38
6.33619e-08
-3.7872e-37
3.60417e-25
-194821
-134945
1.17349e-38
-8.91648e-16
-4.91116e-32
-2.47565e-32
7.13557e-15
2.36271e+21
-2.99666e-31
3.02852
1.63009e-39
1.1898e+29
-1.75106e-33
2.04894e-38
-1.08285e+19
8.96794e-36
-25.5028
nan
-1.17546e-38
1.70804e+38
1.28572e-38
1.28572e-38
1.95156e-39
-72.0769
24.599
3.02986e-28
-2.8761
1.73551e-28
-9.87204e+18
1.46621e-25
0.0104425
-5.46303e+09
-3.60391e+09
nan
1.17203e-38
-9.90304e-32
-9.90289e-32
3.88056e-26    <--41
-2.14753e-19
-4.12763e-07
-2.16017
3.48092e-05
8.02704
-6.51811e+32
2.2552e-16
-4.99192e-22
1.36414e-24
-105.381
-1.70805e+38
nan
1.29025e-38
1.28572e-38
2.62503
33536.1
-9.68023e-38
9.25681e-33
4.04116e-28
1.01709e-38
1.2955e-38
-9.46792e-38
4.12975e-27
-6.24564e+13
-3.6789e+13
1.17399e-38
-3.40137e-21
-1.96446e-31
-9.90289e-32
7.13579e-15
3.69174e+19
4.93745e+32
3.02446
1.63009e-39
2.97445e+28
-1.78794e-30
2.04621e-38
-1.08102e+19
-3.39461e-35
9.21262e-20
nan
-1.17546e-38
1.70804e+38
1.28572e-38
1.28572e-38
1.95156e-39
-103.137
15.5864
3.02986e-28
-2.8761
9.70306e-29
-6.77349e+18
6.37208e-24
6.94126e-09
-2.9017e+17
-1.64223e+17
nan
1.17192e-38
-9.90304e-32
-9.90289e-32
3.88056e-26    <--42
-2.98407e+17
1.39797e+09
-2.16017
3.48092e-05
-9.25426e+18
-2.85475e-14
-4.91154e+24
-7.12206e+26
4.79578e+11
-3.1364e+16
-1.70805e+38
nan
1.29025e-38
1.28572e-38
2.62503
107520
4.90846e+27
9.25671e-33
4.04116e-28
1.0079e-38
1.3414e-38
-9.5413e-38
3.1545e-27
-5.79171e+20
-2.89248e+20
1.1744e-38
-5.31463e-23
-1.96446e-31
-9.90289e-32
7.13579e-15
-4.15653e+34
2.06429e-20
-9.11715e+23
-1.93735e+38
2.96053e-31
-1.06024e-37
-3.67658e-37
3.26835e+19
-2830.75
0.446822
nan
1.88076e-37
1.70804e+38
1.87352e-37
1.87352e-37
1.17356e-38
-130.196
9.04243
-2.12947e-14
-2.32501
3.45131e-29
-1.1196e+34
-3.00928e+31
0.000211248
-1.39692e+24
-6.65393e+23
nan
1.17192e-38
-2.29767e-40
-9.58792e-38
nan    <--43
6.9199e-34
1.97822e-28
-1.61176
-2.95434e+19
3.9645e-31
9.44013e-38
-9.67389e-10
-1.91752e-37
1.91927e+06
-116.881
-1.70805e+38
nan
1.94686e-37
1.93971e-37
-2.62515
2.61209e+22
7.15e+17
-6.6796e+08
-1.34039e+08
7.32386e-39
1.19443e-38
1.58966e-30
1.55894e+37
-2.24585e+27
-1.09251e+27
1.17479e-38
-3.32165e-24
-2.99753e-36
-1.53416e-36
7.24529e-15
-4.5652e-13
1.14657e-36
-2.07301e+11
1.63009e-39
-7.61427e+30
-1.0564e-37
2.20958e-38
0.00508406
2.25022e+29
-3.61833e+25
nan
-1.17546e-38
1.70804e+38
1.88093e-37
1.88093e-37
1.1732e-38
-153.786
9.01094
1.18351e-30
4.69241e+37
1.64675e-29
-1.9015e+32
-9.79075e-16
8.07872e-08
-2.25746e+30
-1.09406e+30
nan
1.17171e-38
1.73462e+38
1.73459e+38
nan    <--44
3.76839e-20
5.20321e-29
-1.61015
-2.07893e+33
-1.50802e-36
-2.4854e+27
-2.81401e-37
7.12788e+16
7.63296
-0.000464871
-1.70806e+38
nan
1.88808e-37
1.88093e-37
-2.64078
5.12589e+26
9.88347e-27
-6.63766e+08
-1.34039e+08
7.87485e-39
1.15768e-38
2.1634e+09
-9.47287e-38
-1.39205e+33
-6.64061e+32
1.17514e-38
-2.07603e-25
-7.49383e-37
-9.5882e-38
2.89794e-14
1.66801e+35
-2.06636e-20
-2.5663e+38
1.26275e-39
2.57699e+10
-1.05238e-37
2.24703e-38
5.96815e-27
-0.191482
2.96528e-05
nan
-1.17546e-38
1.70804e+38
1.92502e-37
1.93971e-37
1.1732e-38
-174.339
9.04133
1.18351e-30
-2.56573
7.69145e-30
-8.17647e+31
-1.09379e+27
31.2403
-5.84081e+35
-2.82952e+35
nan
5.11103e-29
-1.89589e-40
-9.5882e-38
nan    <--45
3.26227e-08
3.59461e-29
-2.13832
2.39552e-21
-4.15685e+34
4.45852e-16
5.36602e+15
1.41e-14
-1.56559e+29
9.53578e+24
-1.70806e+38
nan
1.87709e-37
1.88093e-37
-2.62515
-1.71901e-24
2.26366e+12
-5.46326e+08
-1.34039e+08
2.64024e-39
1.15766e-38
-7.54902e+19
-1.19853e-35
-1.56343e+38
-7.60969e+37
1.17544e-38
-3.2438e-27
-1.16633e-38
-2.29592e-40
7.24421e-15
3.61693e+16
1.52527
-2.56627e+38
1.26275e-39
8.93892e-08
4.74174e+37
2.26037e-38
1.53043e+38
-2.05654e+14
8.6463e+09
1.70557e+38
-1.17546e-38
1.92082e+38
1.058e-37
1.058e-37
1.1732e-38
-192.209
9.04869
1.18351e-30
4.69241e+37
3.50058e-30
-3.35794e+28
-2.24043e+23
0.000115643
2.60094e-37
1.24902e-37
1.50316e-31
4.59149e-41
1.50331e-31
4.59149e-41
-1.25342e-20    <--46
3.09659e-41
