988.3    <--0
33.57
560
-2.01953
-0
-0
6.36541e-25
4.59163e-41
0
0
1.77965e-43
1.17087e-38
1.70803e+38
1.70801e+38
1.43493e-41
2.98555e+33
2.04041e-35
9.86084e-32
3.52643e-38
-5.62963e+14
1.67132e+35
4911.98
-1.32921e+36
0
0
4.5559e-41
3.38953e+38
5.34438e-29
5.32736e-29
-3.67935e-39
2.29718e-27
1.02023e+22
6.66532e-40
1.99426
1.1709e-39
1.78144e-38
2.16625e-22
nan
1.06499e-43
0
1.16631e-38
1.70141e+38
-1.16633e-38
-1.51531e-39
8.02137e-15
7.65419e-06
4.4671e-11
6.12223e-28
-2.60591e+38
3.25216e-19
7408.12
nan
-2.01072e+38
9.02198e-41
0
1.70141e+38
0
1.70803e+38
5.05125e-29
5.05125e-29
9.78054e-39
988.227    <--1
33.3518
560.001
-1.83008
7.89786e-38
-7.98626e+31
6.70601e-25
2.62558e-34
7.34695e-40
7.34695e-40
9.16547e-41
1.17058e-38
-1.51546e-39
-1.51531e-39
7.74706e+25
2.59124e+33
1.12174e-35
9.86686e-32
-1.2583e+07
-1.53959e-33
6.04168e-36
1.27547e+15
3.81464e-06
1.73653e-18
1.73652e-18
2.34636e-38
3.11039e+38
5.10772e-29
5.05125e-29
-3.86301e-39
-2.9633e+23
8.43123e+29
9.42038e-40
2.00415
-nan
1.19408e-38
1.78935e-15
nan
7.07654e-39
7.07144e-39
-3.38955e+38
1.51116e+23
-4.68365e-38
-1.51567e-39
8.02137e-15
-2.53256e-29
6.08026e+28
6.06309e-39
6.24912e-39
-2.23332e-08
-9.93373e-38
2.23946e-38
-2.01271e+38
-7.10083e-33
-6.18893e-33
1.70858e+38
3.57331e-43
1.70803e+38
5.0907e-29
5.05125e-29
9.78054e-39
986.353    <--2
33.3519
560
-1.8457
4.48378e-34
-9.34657e+28
7.8977e-25
3.06962e-24
1.99286e-38
1.99286e-38
9.16547e-41
1.17026e-38
-1.51546e-39
-1.51531e-39
7.74658e+25
1.13237e+33
1.09597e-35
9.8602e-32
-2.32115e+26
-3.35261e+07
-6.04168e-36
8.7394e+37
7.3786e+19
0.000492962
0.00049296
2.34636e-38
3.16356e+38
5.06828e-29
5.05125e-29
-3.67934e-39
5.82339e-21
1.15703e+27
-nan
2.00415
-nan
1.15746e-38
-7.67191e-34
nan
6.32321e-38
6.31852e-38
-3.38962e+38
6.1897e+26
-1.16633e-38
-1.51531e-39
8.02137e-15
1.41195e+14
-6.34797e-25
-4.02966e+36
6.24912e-39
-2.07986e-17
-1.01326e-37
1.57028e+38
-2.01468e+38
6.08544e-10
4.73619e-10
1.73049e+38
3.57331e-43
1.70803e+38
5.0907e-29
5.05125e-29
9.78054e-39
981.95    <--3
33.355
560
-1.7207
1.07852e-32
-5.10036e+29
9.98319e-25
2.63611e-12
2.90951e-37
2.90951e-37
9.16547e-41
1.17019e-38
-1.51546e-39
-1.51531e-39
7.74658e+25
1.99249e+32
1.09852e-35
9.8602e-32
-1.41672e+22
-2.09529e+06
6.51613e+32
-1.36334e-17
3.63793e-12
2.54216e+27
2.54215e+27
2.34636e-38
3.13698e+38
5.06828e-29
5.05125e-29
-3.67934e-39
-5.23873e-08
4.9949e+25
-nan
2.00415
-nan
1.16671e-38
-3.78902e-37
nan
1.95381e-36
1.95151e-36
-3.38975e+38
6.1897e+26
-1.16633e-38
-1.51531e-39
8.02137e-15
6.20982e+26
-2.21188e+17
-4.02966e+36
6.24912e-39
-2.2335e-08
-2.56221e-38
2.18708e-38
-2.01661e+38
-9.26337e+29
-6.58294e+29
1.7671e+38
3.57331e-43
1.70803e+38
5.05125e-29
5.05125e-29
9.78054e-39
975.022    <--4
33.3558
560
-1.69727
8.01182e-32
-1.94639e+26
1.2439e-24
2.08594
1.92802e-35
1.92802e-35
9.16547e-41
1.17019e-38
-1.51546e-39
-1.51531e-39
7.74658e+25
1.46813e+31
1.1062e-35
9.8602e-32
-8.64696e+17
2.64406e-23
1.11463e-16
-1.04233e+06
-2.07689e+34
-0.00205584
-0.00205583
2.34636e-38
3.13698e+38
5.06828e-29
5.05125e-29
-3.67934e-39
-2.15108e-15
6.80829e+25
-nan
2.00415
-nan
1.19431e-38
5.23178e+36
nan
2.81801e-34
2.81412e-34
-3.38993e+38
6.1897e+26
-1.16633e-38
-1.51531e-39
8.02137e-15
-513.664
-12.2778
-4.02966e+36
6.24912e-39
-0.0234219
-1.03312e-37
9.60134e+33
-2.01858e+38
-5.42295e+07
-3.58605e+07
1.81834e+38
3.57331e-43
1.70803e+38
5.05125e-29
5.05125e-29
9.78054e-39
965.567    <--5
33.3551
560
-1.7207
3.38962e-31
-1.88595e+26
1.48316e-24
1.79959e+12
5.77872e-33
5.77872e-33
9.16547e-41
1.17019e-38
-1.51546e-39
-1.51531e-39
7.74658e+25
4.45039e+29
1.10853e-35
9.8602e-32
-5.40435e+16
1.00857e-28
3.70399e+19
-1.96616e+28
-1023.99
3.01716e-17
3.01713e-17
2.34636e-38
3.13698e+38
5.06828e-29
5.05125e-29
-3.67934e-39
-7.74281e+37
1.5434e+25
-nan
2.00415
-nan
1.19433e-38
8.47228e+37
nan
1.74347e-31
1.74141e-31
-3.39017e+38
1.62259e+32
-1.16633e-38
-1.51531e-39
3.20855e-14
2.9841e-08
1.59367e+34
-4.02966e+36
6.24912e-39
-7.97525e+36
4.68761e+37
2.22773e-38
-2.01952e+38
-4.11047e-20
-2.99895e-20
1.88247e+38
3.57331e-43
1.70803e+38
5.05125e-29
5.05125e-29
3.90307e-39
954.311    <--6
33.3591
560
-2.22266
4.65306e-31
-3.17225e+28
1.54769e-24
2.04891e-06
5.42485e-30
5.42485e-30
9.16547e-41
1.17108e-38
-1.51546e-39
-1.51531e-39
2.27652e-13
8.43014e+27
1.14332e-35
9.8602e-32
5.87757e-39
0.125
1.03795e-25
-1.32343e+33
5.42094e-20
4.88331e-19
4.88329e-19
2.34636e-38
3.30978e+38
5.06828e-29
5.05125e-29
-3.67934e-39
4.52366e-24
1.61837e+31
-nan
2.00415
-nan
1.15761e-38
-3.7314e-37
nan
1.91871e-28
1.91747e-28
-3.39044e+38
2.47588e+27
-1.16633e-38
1.92074e+38
8.02116e-15
-6.62603e-24
-1.28728e+07
-4.02967e+36
6.24912e-39
-6140.41
4.70279e+37
2.22202e-38
-2.02061e+38
-5.02399e+10
-3.94108e+10
1.95153e+38
3.57331e-43
1.70803e+38
5.0907e-29
5.03026e-29
3.90306e-39
942.026    <--7
33.3651
560
-1.92383
1.02921e-30
-7.24946e+30
1.77704e-24
0.0842285
9.44508e-27
9.44508e-27
9.16547e-41
1.17033e-38
-1.51546e-39
-1.51531e-39
2.27652e-13
1.03776e+26
1.14602e-35
9.8602e-32
-6.38033e+37
-32765.9
1.54686e-33
5.22604e-29
-3.32302e+35
-2.17831e-09
-2.1783e-09
2.34636e-38
3.24332e+38
5.06828e-29
5.05125e-29
-3.67934e-39
-1.30863e+09
4.56091e+30
-nan
2.00415
-nan
1.16681e-38
-1.88038e-37
nan
5.82438e-25
5.81904e-25
-3.39074e+38
1.01412e+31
-1.16633e-38
1.92074e+38
8.02116e-15
-6.02634e-36
6.07859e+28
-4.02966e+36
6.24912e-39
-6.59428e+12
4.71954e+37
2.17786e-38
-2.02196e+38
-49.0024
-38.1895
2.0305e+38
3.57331e-43
1.70803e+38
5.05125e-29
5.03026e-29
3.90306e-39
927.993    <--8
33.3644
560
-1.85352
2.00912e-30
-7.73719e+28
2.11309e-24
3336
4.5723e-23
4.5723e-23
9.16547e-41
1.17036e-38
-1.51546e-39
-1.51531e-39
2.27652e-13
6.68897e+23
1.15298e-35
9.8602e-32
-2.4339e+32
1.99929
-0.0313731
2.25601e-13
-4.39799e+12
7.33605e-36
7.33602e-36
2.34636e-38
3.20344e+38
5.06828e-29
5.05125e-29
-3.67934e-39
1.80744e-26
3.61704e+31
-nan
2.00415
-nan
1.18519e-38
-7.52078e-37
nan
4.87813e-21
4.87351e-21
-3.39107e+38
2.5353e+30
-1.16633e-38
-1.51531e-39
8.02137e-15
-0.500648
2.59926e-21
-4.02966e+36
6.24912e-39
-7.08157e+21
1.89368e+38
nan
-2.02331e+38
1.65221e+34
1.29377e+34
2.11971e+38
3.57331e-43
1.70803e+38
5.05125e-29
5.03026e-29
3.90306e-39
912.216    <--9
33.363
560
-1.86914
3.59916e-30
-1.10977e+23
2.44938e-24
7.15129e+08
6.61126e-19
6.61126e-19
9.16547e-41
1.1704e-38
-1.51546e-39
1.92069e+38
2.27652e-13
2.36025e+21
1.1505e-35
9.8602e-32
-2.37686e+29
-1.81809e-12
-1.0629e-22
1020
5.19223e+33
1.34919e-22
1.34918e-22
2.34637e-38
3.20344e+38
5.06828e-29
5.05125e-29
-3.67934e-39
-1.57161e+26
1.17427e+32
-nan
2.00415
-nan
1.18521e-38
4.28395e+37
nan
1.113e-16
1.11148e-16
-3.39145e+38
6.33825e+29
-1.16633e-38
-1.51531e-39
8.02137e-15
4.34243e-19
-6.37284e+34
-4.02966e+36
6.24912e-39
-4.53239e+23
-2.62406e-38
3.88059e+37
-2.02466e+38
-2.63065e+29
-2.06659e+29
2.21899e+38
3.57331e-43
1.70803e+38
5.05125e-29
5.05125e-29
3.90306e-39
894.729    <--10
33.3631
560
-1.93945
5.54667e-30
-1.3469e+30
2.72057e-24
5.72785e+07
2.58859e-14
2.58859e-14
9.16547e-41
1.17054e-38
-1.51546e-39
-1.51531e-39
2.27659e-13
5.12341e+18
1.1512e-35
9.8602e-32
3.61114e-35
-3.69045e+19
-3.36845e+07
2.72797e+11
-1.12588e+15
-1.97011e+20
-1.97011e+20
2.34637e-38
inf
5.06828e-29
5.05125e-29
-3.77117e-39
5.95398e+25
1.40245e+32
-nan
2.00415
6.8878e-41
1.16685e-38
-9.47379e-38
nan
6.37347e-12
6.37145e-12
-3.39186e+38
1.06338e+37
-1.16633e-38
-1.51531e-39
8.02137e-15
7.46024e-09
-0.000187264
-4.02966e+36
6.24912e-39
-1.64854e+12
1.90168e+38
2.6319e-17
-2.02539e+38
-2.32654e+26
-2.11464e+26
2.32507e+38
3.57331e-43
1.70803e+38
5.05125e-29
5.03026e-29
3.90306e-39
876.207    <--11
33.3631
560
-1.79102
8.23369e-30
-6.83968e+28
2.96612e-24
23.9375
1.89453e-09
1.89453e-09
9.16547e-41
1.17019e-38
-1.51546e-39
1.92069e+38
2.27652e-13
7.47585e+15
1.15037e-35
9.8602e-32
-3.80297e+30
0.124944
2.78649e-17
1.23063e+27
7.8885e-31
1.55384e-16
1.55384e-16
2.34637e-38
3.17685e+38
5.06828e-29
5.05125e-29
-3.67934e-39
-1.79735e-26
1.02849e+32
-nan
2.00415
-nan
1.18523e-38
5.29426e+36
nan
7.90756e-07
7.90538e-07
-3.3923e+38
1.01412e+31
-1.16633e-38
-1.51531e-39
8.02137e-15
-8.8075e+12
-1.31762e+10
-4.02966e+36
6.24912e-39
-4.64135e+26
-2.63403e-38
2.20929e-38
-2.02674e+38
-3.89804e-29
-3.62015e-29
2.43998e+38
3.57331e-43
1.70803e+38
5.05125e-29
5.05125e-29
3.90306e-39
855.999    <--12
33.3628
560
-1.85352
1.25231e-29
-1.28438e+28
3.30236e-24
175616
0.000412418
0.000412418
9.16547e-41
1.1704e-38
-1.51546e-39
1.92069e+38
2.27652e-13
5.87887e+12
1.14762e-35
9.8602e-32
-3.71384e+27
-4.03655e-28
-6.9658e-18
-4.77728e-35
2.07689e+34
2.6741e-12
2.6741e-12
2.34637e-38
3.20344e+38
5.06828e-29
5.03026e-29
-3.67934e-39
3.48967e+09
1.04117e+32
-nan
2.00415
-nan
1.18524e-38
8.13925e+37
nan
0.274008
0.273915
-3.39278e+38
6.33825e+29
-1.16633e-38
-1.51531e-39
8.02137e-15
-6.31907e-30
9.05366e+20
-4.02966e+36
6.24912e-39
-4.64135e+26
-1.05591e-37
1.49118e+38
-2.02808e+38
-6.62265e+34
-6.26235e+34
2.56506e+38
3.57331e-43
1.70803e+38
5.05125e-29
5.05125e-29
3.90306e-39
834.069    <--13
33.3632
560
-1.93164
1.94257e-29
-9.25591e+24
3.91603e-24
2.35405e+08
238.263
238.263
9.16547e-41
1.17051e-38
-1.51546e-39
-1.51531e-39
2.27652e-13
2.54627e+09
1.14754e-35
9.8602e-32
-1.5577e+34
-3.43512e+10
1.51047e-36
-2.08452e-22
1.29806e+33
-9.57097e+26
-9.57097e+26
2.34637e-38
3.29649e+38
5.06828e-29
5.05125e-29
-3.67934e-39
-1.24901e-15
7.23406e+31
-nan
2.00415
-nan
1.16688e-38
-3.78807e-37
nan
248123
248098
-3.39329e+38
1.03846e+34
-1.16633e-38
-1.51531e-39
8.02137e-15
1.86506e-09
1.01924e+36
-4.02966e+36
6.24912e-39
-7.42632e+27
-2.64321e-38
3.8264e+37
-2.02892e+38
-2.76565e+38
-2.6983e+38
2.6983e+38
3.57331e-43
1.70803e+38
5.05125e-29
5.05125e-29
3.90306e-39
810.863    <--14
33.3636
560
-1.93164
2.41588e-29
-7.1482e+20
4.32932e-24
5.94584e+10
3.11014e+08
3.11014e+08
9.16547e-41
1.17054e-38
-1.51546e-39
-1.51531e-39
2.27652e-13
757088
1.14821e-35
9.8602e-32
-3.89424e+33
2.35033e-38
1.51042e-36
-9.0415e-13
-7.20566e+16
3.0296e-09
3.0296e-09
2.34637e-38
3.2699e+38
5.06828e-29
5.05125e-29
-3.67934e-39
-1.8254e-06
5.33089e+32
-nan
2.00415
-nan
1.1577e-38
6.69171e+35
nan
4.58108e+11
4.58109e+11
-3.39383e+38
6.49037e+32
-1.16633e-38
-1.51531e-39
8.02137e-15
-1.73697e-18
6.80963e-16
-4.02967e+36
6.24912e-39
-2.97059e+28
1.91533e+38
2.09611e-38
-2.0298e+38
-1.55493e-37
-1.56862e-37
2.83802e+38
3.57331e-43
1.70803e+38
5.05125e-29
5.05125e-29
3.90306e-39
786.545    <--15
33.3659
560
-1.93164
3.2146e-29
-3.32045e+21
4.76947e-24
4.79318e+12
8.0196e+14
8.0196e+14
9.16547e-41
1.17054e-38
-1.51546e-39
-1.51531e-39
2.27652e-13
146.645
1.15427e-35
9.8602e-32
-3.89424e+33
2.90957e-11
-2.37048e+21
-0.0154113
3.16908e+29
-4.33668e+30
-4.33669e+30
2.34637e-38
3.2699e+38
5.06828e-29
5.05125e-29
-3.67934e-39
4.18708e+37
2.23444e+32
-nan
2.00415
-nan
1.16689e-38
8.50331e+37
nan
1.64235e+18
1.64261e+18
-3.3944e+38
6.49037e+32
-1.16633e-38
-1.51531e-39
8.02137e-15
-1.47765e+20
-9.05041e+20
-4.02967e+36
6.24912e-39
-2.97059e+28
1.91762e+38
1.98935e-38
-2.03063e+38
-3.95319e-38
-4.12351e-38
2.98419e+38
3.57331e-43
1.70803e+38
5.05125e-29
5.05125e-29
3.90306e-39
761.115    <--16
33.3657
560
-1.93945
4.08235e-29
-3.98915e+20
5.18301e-24
2.11546e+15
3.91787e+21
3.91787e+21
9.16547e-41
1.17054e-38
-1.51546e-39
-1.51531e-39
2.27652e-13
0.0202355
1.15833e-35
9.8602e-32
-6.23079e+34
2.19851e+12
-2.72118e-20
-1.66838e+07
1.35523e-20
2.09352e-10
2.09352e-10
2.34638e-38
3.28319e+38
5.06828e-29
5.05125e-29
-3.77117e-39
7.93462e-37
1.00533e+33
-nan
2.00415
1.60715e-40
1.18526e-38
1.71389e+38
nan
1.04484e+25
1.0458e+25
-3.39499e+38
4.25353e+37
-1.16633e-38
-1.51531e-39
3.20855e-14
1.86506e-09
3.45201e+15
-4.02967e+36
6.24912e-39
7.39666e-32
1.91855e+38
-1.49018e-27
-2.03105e+38
-2.2354e+23
-2.78502e+23
3.13565e+38
3.57331e-43
1.70803e+38
5.05125e-29
5.05125e-29
3.90306e-39
734.933    <--17
33.3652
560
-1.96289
4.43734e-29
-5.38759e+30
5.3897e-24
0.186035
3.08607e+28
3.08607e+28
9.16547e-41
1.17072e-38
-1.51546e-39
-1.51531e-39
2.27652e-13
2.17167e-06
1.15508e-35
9.8602e-32
-1.48554e+28
6.18628e+26
-1.51702e+23
-4.46689e+12
4.39799e+12
-2.19811e-10
-2.19812e-10
2.34638e-38
3.24332e+38
5.06828e-29
5.03026e-29
-3.67934e-39
4.44568e+21
5.91401e+32
-nan
2.00415
-nan
1.18527e-38
1.71389e+38
nan
1.01569e+32
1.01701e+32
-3.39559e+38
1.01412e+31
-1.16633e-38
-1.51531e-39
8.02137e-15
-0.000122229
0.000748436
-4.02967e+36
6.24912e-39
-1.21683e+32
-2.65405e-38
9.26339e+27
-2.03188e+38
-2.48308e-24
-3.2001e-24
3.29111e+38
3.57331e-43
1.70803e+38
5.05125e-29
5.05125e-29
3.90306e-39
707.899    <--18
33.3653
560
-1.97852
5.44314e-29
-5.65782e+26
5.80344e-24
8.28125
3.95858e+35
3.95858e+35
9.16547e-41
1.17058e-38
-1.51546e-39
-1.51531e-39
2.27652e-13
1.72722e-10
1.15559e-35
9.8602e-32
-1.5577e+34
-6.46065e-27
-3.79254e+22
-1.91851e+22
5.29388e-23
-2.1483e-19
-2.1483e-19
2.34638e-38
3.28319e+38
5.06828e-29
5.05125e-29
-3.67934e-39
3.50585e+37
4.89988e+32
-nan
2.00415
-nan
1.16691e-38
-3.76012e-37
nan
-1.61867e-38
-1.62092e-38
-3.39621e+38
6.49037e+32
-1.16633e-38
-1.51531e-39
8.02137e-15
5.37567e+08
9.67197e-30
-4.02967e+36
6.24912e-39
-1.16034e+26
1.92281e+38
2.17776e-38
-2.03276e+38
-49892.5
559.991
5.05857e-29
1.79366e-43
1.06969e-13
5.05553e-29
5.05125e-29
3.90306e-39
-7.44896e-09    <--19
-1.0084e+25
-1.26022e+30
-1.98633
-3.18522e+23
-3.18525e+23
6.13918e-24
114.25
9.83981e-32
-5.87757e-39
4.59402e-41
6.51866e-18
-1.51534e-39
-1.51531e-39
2.27652e-13
-nan
1.15707e-35
-1.88016e-37
-6.38042e+37
-6.80167e-33
-6.81487e-33
-4.94285e+27
-1.88892e+22
-3.25366e+38
2.00415
1.17609e-38
3.21855e-27
-1.31634e+10
5.05125e-29
-3.67934e-39
1.0413e-27
7.28984e+32
2.15842e-38
2.01523
0.0120101
0.0172408
-2.07528e-37
nan
3.91712e+21
3.91787e+21
-3.39469e+38
6.49037e+32
-3.02099e-38
1.92079e+38
8.02116e-15
-2.84586e-14
2.0256e-29
-2.05245e+20
2.32798e-38
1535.73
-4.80346e-29
-4.80346e-29
-2.03084e+38
3.72699e+12
3.90549e+12
3.02173e+38
3.57331e-43
4.3376e-18
5.05045e-29
5.05125e-29
3.90306e-39
-2.16204e+14    <--20
-2135.38
4.68203e-38
-1.93946
-4.29842e-09
-4.29845e-09
5.18306e-24
2.11546e+15
3.91787e+21
3.91787e+21
9.16547e-41
-6.73315
7.6194e+32
-1.51531e-39
2.27652e-13
2.51717e+19
1.15706e-35
8.37073e+37
-1.55848e+34
-3.99496e-25
-4.00003e-25
-267448
-3.16908e+29
3.90549e+12
3.90549e+12
2.34637e-38
2.29105e-07
-1.59112e+34
5.05125e-29
-3.67934e-39
-7.73073e-11
7.55072e+32
-6.00431e+35
2.39127
3192.75
4936.7
-2.26682e-37
nan
3.91712e+21
3.91787e+21
-3.39469e+38
6.49037e+32
627.83
-1.51559e-39
8.02137e-15
-1.11166e-16
2.38889e-29
-5.62012e+23
7.36758e-24
82928.5
-4.11911e-21
-4.11911e-21
-2.03084e+38
3.72699e+12
3.90549e+12
3.02173e+38
3.57331e-43
1.12989e-22
4.85021e-29
5.05125e-29
3.90306e-39
-1.05256e+36    <--21
6.15481e+20
8.01494e-28
-9.33814e-35
-2.61189e+34
-2.61191e+34
5.18307e-24
2.11546e+15
3.91787e+21
3.91787e+21
9.16547e-41
1.03695e-24
-2.29833e-38
-1.51531e-39
2.27652e-13
146.645
1.16692e-38
4.28341e+37
-1.55848e+34
-4.79839e-17
-4.8061e-17
-267555
-3.16908e+29
3.90549e+12
3.90549e+12
2.34637e-38
3.66569e-06
-2.5454e+35
5.05125e-29
-3.67934e-39
0.11377
1.92807e+38
nan
2.39224
-3.3015e+06
-5.4982e+06
-2.46548e-37
nan
3.91712e+21
3.91787e+21
-3.39469e+38
6.49037e+32
596.63
-1.51564e-39
8.02137e-15
-9.68395e+24
1.18475e-28
-1.32818e+22
8.19476e-24
3.80059e+06
-6.80945e-13
-6.80945e-13
-2.03084e+38
3.72699e+12
3.90549e+12
3.02173e+38
3.57331e-43
2.14627e-27
5.08727e-29
5.05125e-29
3.90306e-39
4.13083e-20    <--22
-0.000122551
3.53699e-18
1.30155e+08
-0.00533239
-0.00533243
5.18307e-24
2.11546e+15
3.91787e+21
3.91787e+21
9.16547e-41
2.82359e-15
-2.29833e-38
-1.51531e-39
2.27652e-13
146.645
1.18529e-38
4.28269e+37
-1.55849e+34
-1.11348e-08
-1.11582e-08
-267666
-3.16908e+29
3.90549e+12
3.90549e+12
2.34637e-38
1.27179e-23
-6.21336e+31
5.05125e-29
-3.67934e-39
0.11377
-1.06667e-37
-1.50442e+38
2.39328
-5.35511e+07
-9.53154e+07
-2.67131e-37
nan
3.91712e+21
3.91787e+21
-3.39469e+38
6.49037e+32
564.32
-1.51563e-39
8.02137e-15
-9.68395e+24
1.45296e-28
-1.47337e+14
9.07263e-24
1.8242e+08
-0.00021336
-0.00021336
-2.03084e+38
3.72699e+12
3.90549e+12
3.02173e+38
3.57331e-43
2.54941e-32
5.08634e-29
5.05125e-29
3.90306e-39
10.9526    <--23
-0.00196082
6.12342e-08
124.125
-1.9625e+36
-1.96252e+36
5.18308e-24
2.11546e+15
3.91787e+21
3.91787e+21
9.16547e-41
-1.33364e+29
-2.24323e-38
-1.51531e-39
2.27652e-13
146.645
1.1853e-38
-9.46788e-38
-1.55849e+34
-4.94704
-4.96101
-267781
-3.16908e+29
3.90549e+12
3.90549e+12
2.34637e-38
-1.10789e+18
-6.21233e+31
5.05125e-29
-3.67934e-39
1.0413e-27
-2.66906e-38
nan
2.39426
848096
1.60799e+06
-2.8842e-37
nan
3.91712e+21
3.91787e+21
-3.39469e+38
6.49037e+32
530.898
-1.51563e-39
8.02137e-15
-9.68395e+24
1.72117e-28
-5.51248e+18
9.89951e-24
8.15271e+09
-129424
-129424
-2.03084e+38
3.72699e+12
3.90549e+12
3.02173e+38
3.57331e-43
2.22727e-37
5.08634e-29
5.05125e-29
3.90306e-39
8.0816e+20    <--24
-2.72102e-20
1043.96
1.4941e-33
-2.42848e-05
-2.42851e-05
5.18309e-24
2.11546e+15
3.91787e+21
3.91787e+21
9.16547e-41
9.72827e+29
-2.24323e-38
-1.51531e-39
2.27652e-13
1.72722e-10
1.16694e-38
-3.7449e-37
-1.55849e+34
-4.18283e+09
-4.19112e+09
-267900
-3.16908e+29
3.90549e+12
3.90549e+12
2.34637e-38
2.89172e-36
-6.21106e+31
5.05125e-29
-3.67934e-39
1.0413e-27
4.83328e+37
2.36847e-41
2.39527
839.312
1690.15
-3.10432e-37
nan
3.91712e+21
3.91787e+21
-3.39469e+38
6.49037e+32
496.364
-1.51563e-39
8.02137e-15
-1.11166e-16
1.98004e-28
-2.0379e+17
1.07786e-23
1.25612e+11
-1.65851e+14
-1.65851e+14
-2.03084e+38
3.72699e+12
3.90549e+12
3.02173e+38
3.57331e-43
-3.15838e+31
5.08634e-29
5.05125e-29
3.90306e-39
-1.28747e-37    <--25
2.85319e-14
4.32938e+12
-2.08248e+09
-1.35514e+29
-1.35515e+29
5.18309e-24
2.11546e+15
3.91787e+21
3.91787e+21
9.16547e-41
1.79727e+14
-2.24322e-38
-1.51531e-39
2.27652e-13
1.72722e-10
1.16694e-38
-3.0075e-36
-1.55849e+34
-7.5418e+18
-7.56138e+18
-268023
-3.16908e+29
3.90549e+12
3.90549e+12
2.34637e-38
4.85149e-29
-9.93419e+32
5.05125e-29
-3.67934e-39
0.11377
1.93492e+38
nan
2.39627
-0.000807911
-0.00172981
-3.3315e-37
nan
3.91712e+21
3.91787e+21
-3.39469e+38
6.49037e+32
460.719
-1.51544e-39
8.02137e-15
2.20188e+12
2.41775e-28
-7.82643e+16
1.16055e-23
1.04433e+13
-4.0589e+23
-4.0589e+23
-2.03084e+38
3.72699e+12
3.90549e+12
3.02173e+38
3.57331e-43
-4.82331e+20
5.05738e-29
5.05125e-29
3.90306e-39
-6.71467e-19    <--26
-0.000490175
7.29025e+22
-508417
2.37955e+33
8.38989e+32
-156450
-156448
-156448
-156448
-156448
-156448
-3.37548e+16
-2.03084e+38
3.72699e+12
1797.98
-4.49691e+35
2047
-1.02338e+29
5.18147e-24
-1.80841e-37
-5.39815e+22
-5.39812e+22
9.91478e-18
-1.40958e-37
-1.2987e+35
5.24188e+27
-2.12572e-29
-1.10359e-10
-1.1036e-10
-1.10329e+20
-1.03991e-11
-nan
-1.85501e-16
-248580
-8.6598e+35
3.56533e-06
6.83112e-06
6.83112e-06
1.72379
-3.39471e+38
8.50199e+37
-3.22779e+14
-1.93029e+33
-1.9366e+33
-0.890484
7.19038e-06
-3.40082e+19
3.05485e+13
7.64299e+30
-2.32943e-08
-1.69838e-16
-5.39812e+22
-5.39812e+22
-3.71857e+17
3.02728e+38
1.99344e-38
4.36012e-36
-5.9361e+13
-1.37901e+14
2.3036e-38
686.895    <--27
33.3653
560
-1.92383
6.62642e-29
405.168
6.83113e-06
6.83112e-06
-1.41566e-16
7.31411e+21
-1.19296e+14
-0.00023799
1.4449e+15
-1.64157e+38
-1.64157e+38
1.31667e-12
1.15697e-35
9.8602e-32
-9.73561e+32
-7.10312e-15
-6853.26
-4.77883e+27
-1.88892e+22
-3.25366e+38
-2.10151e+06
-3.17066e+31
1.32278e+36
-6.21207e+31
1.73529e-21
1.73527e-21
-3.41741e-16
1.10167e+33
-nan
2.00415
-nan
1.15566e-25
4.14298e+33
nan
2.07005e+23
2.20328e-40
-156451
4.05649e+31
530.898
1.48419e-34
1.48228e-34
-9.63179e-35
12558.8
-4.02967e+36
6.24912e-39
7.05329e-38
3.28155e-11
6.22054e-39
-2.02959e+38
-1.44828e+13
4.5142e-36
5.19078e-24
3.75884e-41
4.36103e-36
6.11188e+28
4.31527e+28
1.05003e-39
748.055    <--28
33.3657
560
-1.92383
6.62642e-29
367.058
6.01024e-24
31.9375
-1.62092e-38
7.95065e+21
-1.59445e+30
-0.000250824
4648.5
1.57832e-29
1.57832e-29
3.49602e+08
1.14912e-35
9.8602e-32
-1.5577e+34
-5.76318e+17
-2.0817e-08
1.46879e-05
-8.88166e-16
1.29377e+34
-2.87274e+18
-4.43218e-16
-1.8507e-34
196.018
-2.60098e+15
-2.60097e+15
-1.30863e+09
4.56091e+30
-nan
2.00415
-nan
-1.92489e+13
2.27431e+33
nan
4.57577e-23
4.5723e-23
-156452
4.05651e+31
530.899
1.99399e-24
1.99162e-24
-1.16501e-10
-0.00299708
-4.02966e+36
6.24912e-39
-1.99377e+36
1.09695e+28
2.58954e-21
-2.02959e+38
-1.44828e+13
-7.78786e+33
5.19381e-24
nan
4.36251e-36
3.67164e+21
2.88483e+21
2.60695e-39
693.966    <--29
33.365
560
-1.9082
6.23199e-29
328.004
3.05623e-24
141.5
3.84636e-08
-498073
-6.52942e+27
-0.000281341
96392
3.05148e-19
3.05148e-19
1.72722e-10
1.15559e-35
9.8602e-32
-1.5577e+34
-6.46065e-27
-2.88538e-20
-4.93166e+24
-3.40278e+38
-9.36332e-10
-3.34097e+35
6.17755e+26
-8.33666e-25
3.79155e+27
1.90738e+12
-nan
2.00415
-nan
5.83992e-34
2.25903
-7.1781e-34
2.92823e-08
-2.48871e+32
-1.61877e-38
-1.62053e-38
-1.62092e-38
5.76438e-41
0
0
0
0
0
