988.3    <--0
33.57
560
-2.01953
-0
-0
6.36541e-25
4.59163e-41
0
0
1.77965e-43
1.17087e-38
1.70803e+38
1.70801e+38
1.43493e-41
2.98555e+33
2.04041e-35
9.86084e-32
3.52643e-38
-5.62963e+14
1.67132e+35
4911.98
-1.32921e+36
0
0
4.5559e-41
3.38953e+38
5.34438e-29
5.32736e-29
-3.67935e-39
2.29718e-27
1.02023e+22
6.66532e-40
1.99426
1.1709e-39
1.78144e-38
2.16625e-22
nan
1.06499e-43
0
1.16631e-38
1.70141e+38
-1.16633e-38
-1.51531e-39
8.02137e-15
7.65419e-06
4.4671e-11
6.12223e-28
-2.60591e+38
3.25216e-19
7408.12
nan
-2.01072e+38
9.02198e-41
0
1.70141e+38
0
1.70803e+38
5.05125e-29
5.05125e-29
9.78054e-39
988.3    <--1
33.3508
560.001
-1.92383
-2.49524e+27
-4.60197e+26
6.36787e-25
7.02541e-39
0
0
1.77965e-43
1.17087e-38
-1.51546e-39
-1.51531e-39
7.74658e+25
2.92685e+33
1.09389e-35
9.86836e-32
-3.71376e+27
-4.15837e+34
-1.82593e-12
2.88391e+08
-8.30756e+34
6.01945e-36
6.01945e-36
2.34636e-38
3.32307e+38
5.06828e-29
5.05125e-29
-3.86301e-39
6.28894e-37
8.94673e+27
1.95223e-39
2.00415
-nan
1.14809e-38
-1.62768e-27
nan
2.48476e-39
2.4796e-39
-3.38954e+38
6.1897e+26
-1.16633e-38
-1.51531e-39
1.28342e-13
131498
2.79193e-12
3.73671e-32
6.24912e-39
-5.32248e-15
-9.83242e-38
2.20602e-38
-2.01216e+38
141.482
128.262
1.70489e+38
3.57331e-43
1.70803e+38
5.0907e-29
5.05125e-29
9.78054e-39
987.177    <--2
33.3569
560
-1.6582
9.93048e-35
-1.88565e+31
7.54176e-25
2.10626e-28
1.14796e-38
1.14796e-38
9.16547e-41
1.17008e-38
-2.65415e-38
-1.51531e-39
7.74658e+25
1.62612e+33
1.09626e-35
9.86005e-32
-5.80288e+25
-2.47379e+27
6.04241e-36
1.90151e+31
2.07689e+34
-131872
-131872
2.34636e-38
3.15027e+38
5.06828e-29
5.05125e-29
-3.67934e-39
2.03101e+26
8.66148e+24
-nan
2.00415
-nan
1.15744e-38
-3.00853e-36
nan
3.03254e-38
3.03065e-38
-3.38959e+38
9.90352e+27
-1.16633e-38
-1.51531e-39
8.02137e-15
-0.000489868
-0.0479643
-1.00742e+36
6.24912e-39
-2.23368e-08
4.56208e+37
1.60569e+38
-2.01407e+38
-8.09657e-27
-6.54202e-27
1.72239e+38
3.57331e-43
1.70803e+38
5.05125e-29
5.05125e-29
9.78054e-39
983.534    <--3
33.3568
560
-1.67383
5.05553e-33
-2.16286e+24
9.30212e-25
1.81712e-16
1.08739e-37
1.08739e-37
9.16547e-41
1.17019e-38
-2.65415e-38
-1.51531e-39
7.74658e+25
3.61716e+32
1.10982e-35
9.86005e-32
-1.35109e+16
2.09465e+06
1.37984e+11
-3.23758e-24
1023.99
-1.81317e-15
-1.81317e-15
2.34636e-38
3.13698e+38
5.06828e-29
5.05125e-29
-3.67934e-39
2.0664e-09
3.87664e+25
-nan
2.00415
-nan
1.19425e-38
2.10955e+37
nan
5.94167e-37
5.93662e-37
-3.3897e+38
6.1897e+26
-1.16633e-38
-1.51531e-39
8.02137e-15
8218.62
-1.02006e+36
-1.00742e+36
6.24912e-39
-95.9419
-1.02187e-37
2.18321e-38
-2.01604e+38
4.79069e-39
3.67348e-40
1.75458e+38
3.57331e-43
1.70803e+38
5.05125e-29
5.05125e-29
9.78054e-39
977.365    <--4
33.355
560
-1.7207
4.60295e-32
-2.01168e+28
1.16655e-24
0.000150204
4.67891e-36
4.67891e-36
9.16547e-41
1.17019e-38
-1.51546e-39
-1.51531e-39
7.74658e+25
3.4749e+31
1.11094e-35
9.86005e-32
-3.37772e+15
-1.99755
-1.11463e-16
-0.242191
5.04864e-29
-1.13186e-19
-1.13185e-19
2.34636e-38
3.13698e+38
5.06828e-29
5.05125e-29
-3.67934e-39
1.23696e+13
3.14967e+26
-nan
2.00415
-nan
1.19429e-38
8.5047e+37
nan
5.23845e-35
5.22956e-35
-3.38987e+38
6.1897e+26
-1.16633e-38
-1.51531e-39
8.02137e-15
6.03809e-36
-1.51338e-31
-1.00742e+36
6.24912e-39
-0.0936894
-1.03088e-37
9.71949e+36
-2.01801e+38
-1.50435e-34
-1.0196e-34
1.80147e+38
3.57331e-43
1.70803e+38
5.05125e-29
5.05125e-29
9.78054e-39
968.667    <--5
33.3542
560
-1.75195
2.26488e-31
-3.89279e+26
1.41209e-24
1.22421e+08
8.96963e-34
8.96963e-34
9.16547e-41
1.17019e-38
-1.51546e-39
-1.51531e-39
7.74658e+25
1.32947e+30
1.10699e-35
9.86005e-32
-8.64696e+17
-8.58033e+09
-2.78649e-17
-4.81315e+21
-2.88226e+17
-1.28247e-07
-1.28246e-07
2.34636e-38
3.13698e+38
5.06828e-29
5.05125e-29
-3.67934e-39
-3.87032e+14
4.5762e+26
-nan
2.00415
-nan
1.19433e-38
8.13819e+37
nan
2.21808e-32
2.21523e-32
-3.3901e+38
6.1897e+26
-1.16633e-38
-1.51531e-39
8.02137e-15
4.26735e+37
-9.27652e+23
-1.00742e+36
6.24912e-39
-24562.6
-1.03639e-37
nan
-2.01952e+38
1.14668e-17
7.59684e-18
1.86274e+38
3.57331e-43
1.70803e+38
5.05125e-29
5.05125e-29
3.90307e-39
957.707    <--6
33.3523
560
-1.96289
4.43734e-31
-7.84366e+30
1.54122e-24
2120
6.90414e-31
6.90414e-31
9.16547e-41
1.1709e-38
-1.51546e-39
-1.51531e-39
2.27659e-13
2.84738e+28
1.12089e-35
9.86005e-32
1.47912e-31
2.52595e-29
-1.51042e-36
-1.96526e+28
-7.52306e-37
-1.88748e-21
-1.88747e-21
2.34636e-38
nan
5.06828e-29
5.05125e-29
-3.77117e-39
-3.29649e+38
1.15885e+31
-nan
2.00415
8.95404e-40
1.1576e-38
-1.88046e-37
nan
2.20105e-29
2.19956e-29
-3.39036e+38
2.65846e+36
-1.16633e-38
-1.51531e-39
8.02137e-15
-1.77866e-15
-5.52892e+16
-1.00742e+36
6.24912e-39
-1.6098e+09
4.69734e+37
4.0498e+37
-2.02019e+38
1.68361e-10
1.32044e-10
1.92982e+38
3.57331e-43
1.70803e+38
5.05125e-29
5.03026e-29
3.90306e-39
945.889    <--7
33.3646
560
-1.75977
7.82695e-31
-2.78539e+29
1.68662e-24
0.00492859
8.71359e-28
8.71359e-28
9.16547e-41
1.17015e-38
-2.65415e-38
1.92069e+38
2.27652e-13
4.14284e+26
1.15702e-35
9.86005e-32
-3.80297e+30
-1.08372e-19
6.64371e-24
7.6735e-34
-1.98068e+28
-2.93038e+30
-2.93036e+30
2.34636e-38
3.17685e+38
5.06828e-29
5.05125e-29
-3.67934e-39
-1.10501e+14
5.74459e+31
-nan
2.00415
-nan
1.19435e-38
2.11773e+37
nan
4.64982e-26
4.6465e-26
-3.39064e+38
1.01412e+31
-1.16633e-38
-1.51531e-39
8.02137e-15
6.62603e-24
-3.60756e-38
-1.00742e+36
6.24912e-39
-7.42632e+27
1.88589e+38
nan
-2.02154e+38
-2.27561e+23
-1.7815e+23
2.00579e+38
3.57331e-43
1.70803e+38
5.05125e-29
5.05125e-29
3.90306e-39
932.381    <--8
33.3624
560
-1.8457
1.57772e-30
-4.61139e+28
2.02284e-24
196.5
3.12901e-24
3.12901e-24
9.16547e-41
1.1704e-38
-1.51546e-39
1.92069e+38
2.27652e-13
3.30116e+24
1.15127e-35
9.86005e-32
-9.2846e+26
1.693e-21
-6.33516e-30
3.44239e-18
-1.04856e+06
2.96678e-32
2.96677e-32
2.34636e-38
3.20344e+38
5.06828e-29
5.03026e-29
-3.67934e-39
0.188477
2.71616e+32
-nan
2.00415
-nan
1.18519e-38
4.28461e+37
nan
2.91627e-22
2.91347e-22
-3.39097e+38
6.33825e+29
-1.16633e-38
-1.51531e-39
8.02137e-15
-7.46024e-09
1.78624e-10
-1.00742e+36
6.24912e-39
-7.42632e+27
-2.61437e-38
nan
-2.02289e+38
5.81083e+19
4.53604e+19
2.09188e+38
3.57331e-43
1.70803e+38
5.05125e-29
5.05125e-29
3.90306e-39
917.127    <--9
33.3625
560
-1.90039
2.98288e-30
-1.67897e+28
2.35888e-24
7.61856e+06
3.34835e-20
3.34835e-20
9.16547e-41
1.1704e-38
-1.51546e-39
-1.51531e-39
2.27652e-13
1.43573e+22
1.14503e-35
9.86005e-32
-5.94214e+28
-3.94218e-31
-3.97677e+28
0.0159292
1.23792e+27
-7.59845e+23
-7.59842e+23
2.34637e-38
3.21673e+38
5.06828e-29
5.03026e-29
-3.67934e-39
2.08617e-06
8.76372e+31
-nan
2.00415
-nan
1.16684e-38
4.28418e+37
nan
5.13132e-18
5.12653e-18
-3.39134e+38
6.33825e+29
-1.16633e-38
-1.51531e-39
8.02137e-15
-6.17097e-33
-5.14807e+07
-1.00742e+36
6.24912e-39
-1.13307e+23
-2.6219e-38
-nan
-2.02424e+38
-4.43092e-20
-3.486e-20
2.1882e+38
3.57331e-43
1.70803e+38
5.05125e-29
5.05125e-29
3.90306e-39
900.126    <--10
33.3634
560
-1.9082
5.34945e-30
-1.93619e+24
2.69492e-24
1.67074e+12
9.79429e-16
9.79429e-16
9.16547e-41
1.1704e-38
-1.51546e-39
-1.51531e-39
2.27652e-13
3.34274e+19
1.14602e-35
9.86005e-32
-9.73561e+32
-1.47526e+20
-1.82615e-12
2.73317e+11
63.9991
-7.92381e-36
-7.92378e-36
2.34637e-38
3.24332e+38
5.06828e-29
5.05125e-29
-3.77117e-39
-61184.2
1.01581e+32
-nan
2.00415
5.2806e-40
1.16684e-38
9.63315e+37
nan
2.24934e-13
2.24857e-13
-3.39174e+38
1.70141e+38
-1.16633e-38
-1.51531e-39
3.20855e-14
-8.01038
9.23307e-36
-1.00742e+36
6.24912e-39
7.22286e-35
4.75043e+37
2.2264e-38
-2.02497e+38
2.47159e+35
2.23888e+35
2.29262e+38
3.57331e-43
1.70803e+38
5.05125e-29
5.05125e-29
3.90306e-39
881.923    <--11
33.3632
560
-1.86133
6.90251e-30
-1.94903e+31
2.87585e-24
1.41016
5.91998e-11
5.91998e-11
9.16547e-41
1.17044e-38
-1.51546e-39
1.92069e+38
2.27652e-13
5.69965e+16
1.14547e-35
9.86005e-32
-1.41672e+22
6.93283e-18
-4.45811e-16
1.86684e+22
1.88076e-37
-5.70596e-25
-5.70595e-25
2.34637e-38
3.13698e+38
5.06828e-29
5.03026e-29
-3.67934e-39
1.88065e-27
8.38342e+31
-nan
2.00415
-nan
1.18522e-38
9.16812e+37
nan
2.13347e-08
2.13271e-08
-3.39216e+38
9.90352e+27
-1.16633e-38
-1.51531e-39
8.02137e-15
-4.77456e-07
-0.0119841
-1.00742e+36
6.24912e-39
-1.21683e+32
-2.63216e-38
3.9492e+37
-2.02632e+38
-1.45232e+22
-1.33474e+22
2.40446e+38
3.57331e-43
1.70803e+38
5.05125e-29
5.05125e-29
3.90306e-39
862.238    <--12
33.3633
560
-1.93945
1.12906e-29
-2.03025e+29
3.21191e-24
10272
9.43037e-06
9.43037e-06
9.16547e-41
1.17044e-38
-1.51546e-39
-1.51531e-39
2.27652e-13
5.35164e+13
1.14484e-35
9.86005e-32
-5.94214e+28
1.66064e+35
1.44674e+17
8.64022e+37
4.95169e+27
3.4198e+21
3.4198e+21
2.34637e-38
3.21673e+38
5.06828e-29
5.03026e-29
-3.67934e-39
-5.97308e+28
3.7438e+31
-nan
2.00415
-nan
1.16687e-38
4.28417e+37
nan
0.00553235
0.0055308
-3.39263e+38
6.33825e+29
-1.16633e-38
1.92074e+38
8.02116e-15
-3.60755e+16
-6.19497e-28
-1.00742e+36
6.24912e-39
-1.77039e+21
-2.63812e-38
-9.88174e-23
-2.02767e+38
6.37504e-28
5.99759e-28
2.52648e+38
3.57331e-43
1.70803e+38
5.05125e-29
5.05125e-29
3.90306e-39
840.804    <--13
33.3638
560
-1.92383
1.79466e-29
-1.66466e+23
3.78658e-24
1.39919e+07
3.94144
3.94144
9.16547e-41
1.17036e-38
-1.51546e-39
-1.51531e-39
2.27652e-13
2.74045e+10
1.14738e-35
9.86005e-32
-3.89424e+33
-127.962
-2.00788
-2.05583e-25
-3.4694e-18
-9.65309e+29
-9.65308e+29
2.34637e-38
3.24332e+38
5.06828e-29
5.05125e-29
-3.67934e-39
6.94637e+19
4.22339e+31
-nan
2.00415
-nan
1.16688e-38
4.28349e+37
nan
3796.87
3796.34
-3.39314e+38
2.59615e+33
-1.16633e-38
-1.51531e-39
8.02137e-15
32.0415
3.37248e+12
-1.00742e+36
6.24912e-39
-1.18824e+29
1.91217e+38
2.10949e-38
-2.02866e+38
-1.02618e+30
-9.90067e+29
2.65769e+38
3.57331e-43
1.70803e+38
5.05125e-29
5.05125e-29
3.90306e-39
817.932    <--14
33.3637
560
-1.93164
2.27783e-29
-5.66689e+23
4.20078e-24
3.5316e+09
4.14992e+06
4.14992e+06
9.16547e-41
1.17058e-38
-1.51546e-39
-1.51531e-39
2.27652e-13
8.55526e+06
1.14911e-35
9.86005e-32
-3.89424e+33
-1.01382e+31
-4.27028e+37
-8.41339e-16
-5.42094e-20
4.04417e-29
4.04417e-29
2.34637e-38
3.2699e+38
5.06828e-29
5.05125e-29
-3.67934e-39
-6.30068e-36
5.55442e+31
-nan
2.00415
-nan
1.18525e-38
8.47043e+37
nan
5.74855e+09
5.74825e+09
-3.39367e+38
6.49037e+32
-1.16633e-38
-1.51531e-39
8.02137e-15
9.64214e-35
3.79663e+27
-1.00742e+36
6.24912e-39
-2.97059e+28
4.78652e+37
-1.4054e+29
-2.02954e+38
8.82549e+08
8.82087e+08
2.79545e+38
3.57331e-43
1.70803e+38
5.05125e-29
5.05125e-29
3.90306e-39
793.947    <--15
33.3662
560
-1.93945
2.9385e-29
-4.68551e+21
4.64017e-24
8.91206e+11
8.56698e+12
8.56698e+12
9.16547e-41
1.17054e-38
-1.51546e-39
-1.51531e-39
2.27652e-13
1933.47
1.1609e-35
9.86005e-32
-3.89424e+33
4.3356e-19
-1.06757e+37
-1.56154e-05
9.53661e-07
-3.0649e-12
-3.0649e-12
2.34637e-38
3.2699e+38
5.06828e-29
5.05125e-29
-3.67934e-39
1.00074e+21
4.46889e+32
-nan
2.00415
-nan
1.18526e-38
3.32134e+35
nan
1.62084e+16
1.62097e+16
-3.39423e+38
6.49037e+32
-1.16633e-38
-1.51531e-39
8.02137e-15
-2.52763e-29
1.70226e-16
-1.00742e+36
6.24912e-39
-7.42632e+27
4.79236e+37
1.51075e+38
-2.03037e+38
4.76975e-14
4.91077e-14
2.93974e+38
3.57331e-43
1.70803e+38
5.05125e-29
5.05125e-29
3.90306e-39
768.849    <--16
33.365
560
-1.93945
3.82597e-29
-4.12533e+18
5.0533e-24
3.96924e+14
3.5074e+19
3.5074e+19
9.16547e-41
1.17054e-38
-1.51546e-39
-1.51531e-39
2.27652e-13
0.300125
1.15866e-35
9.86005e-32
-1.5577e+34
3.35456e+07
4.35363e-19
-268295
-5.29388e-23
-907.068
-907.068
2.34637e-38
3.2699e+38
5.06828e-29
5.05125e-29
-3.67934e-39
-2.82332e+34
1.15745e+33
-nan
2.00415
-nan
1.18526e-38
1.71369e+38
nan
9.34743e+22
9.35011e+22
-3.39481e+38
2.59615e+33
-1.16633e-38
-1.51531e-39
3.20855e-14
1.58662e+29
3139.71
-1.00742e+36
6.24912e-39
-1.27607e+38
-2.65089e-38
-2.42938e-26
-2.03099e+38
6.60452e+34
7.54422e+34
3.09011e+38
3.57331e-43
1.70803e+38
5.05125e-29
5.05125e-29
3.90307e-39
742.816    <--17
33.3656
560
-2.11328
4.18097e-29
-6.89094e+25
5.2602e-24
0.0318603
2.56799e+26
2.56799e+26
9.16547e-41
1.17094e-38
-1.51546e-39
-1.51531e-39
2.27652e-13
3.42391e-05
1.15702e-35
9.86005e-32
-6.38033e+37
9.22277e+18
9.94192e+27
-4.32865e+09
-4.83564e+24
2.21845e-07
2.21846e-07
2.34638e-38
3.36295e+38
5.06828e-29
5.05125e-29
-3.67934e-39
3.06955e+23
4.34212e+32
-nan
2.00415
-nan
1.1669e-38
-2.3682e-38
nan
7.68738e+29
7.69711e+29
-3.3954e+38
1.62259e+32
-1.16633e-38
-1.51531e-39
8.02137e-15
6.47073e-27
-1.34832e+13
-1.00742e+36
6.24912e-39
-6.91531e+18
-2.65318e-38
-0.467545
-2.03162e+38
9.19095e-33
1.17501e-32
3.24386e+38
3.57331e-43
1.70803e+38
5.05125e-29
5.05125e-29
3.90306e-39
716.113    <--18
33.3654
560
-1.94727
5.00926e-29
-2.21594e+29
5.67384e-24
1.56641
2.62586e+33
2.62586e+33
9.16547e-41
1.17051e-38
-1.51546e-39
-1.51531e-39
2.27652e-13
3.0405e-09
1.15735e-35
9.86005e-32
-6.38033e+37
-3.85155e-34
-9.94253e+27
-1.87541e+19
-5.82069e-11
-3.32303e+38
-3.32304e+38
2.34638e-38
3.28319e+38
5.06828e-29
5.05125e-29
-3.67934e-39
-1.41364e-25
5.30553e+32
-nan
2.00415
-nan
1.16691e-38
-1.07215e-37
nan
1.11533e+37
1.11729e+37
-3.39602e+38
2.59615e+33
-1.16633e-38
-1.51531e-39
8.02137e-15
-1.66369e+35
-0.0119738
-1.00742e+36
6.24912e-39
-4.53239e+23
1.92219e+38
nan
-2.0325e+38
9.77744e-27
1.29328e-26
nan
3.57331e-43
1.70803e+38
5.05125e-29
5.05125e-29
3.90306e-39
688.302    <--19
33.3652
560
-1.91602
6.54753e-29
-1.6635e+27
6.11323e-24
71.25
-5.01091e-37
-5.01091e-37
9.16547e-41
1.17054e-38
-1.51546e-39
-1.51531e-39
2.27652e-13
1.80522e-13
1.15754e-35
9.86005e-32
-6.23079e+34
-4.65553e-10
2.4749e-32
-3.15679e+29
8.11285e+31
68750.5
68751
2.34638e-38
3.2699e+38
5.06828e-29
5.05125e-29
-3.67934e-39
1.22954e+38
6.70669e+32
-nan
2.00415
-nan
1.18528e-38
-9.47058e-38
nan
-2.85596e-33
-2.85925e-33
-3.39667e+38
6.49037e+32
-1.16633e-38
-1.51531e-39
8.02137e-15
-0.125162
-1.34794e+13
-1.00742e+36
6.24912e-39
-2.97059e+28
1.92421e+38
2.33143e+30
-2.03333e+38
-4.06219e-23
-5.81523e-23
nan
3.57331e-43
1.70803e+38
5.05125e-29
5.05125e-29
3.90306e-39
659.38    <--20
33.3651
560
-1.92383
8.08581e-29
-6.93605e+21
6.52727e-24
3400
-2.04672e-29
-2.04672e-29
9.16547e-41
1.17054e-38
-1.51546e-39
-1.51531e-39
2.27652e-13
6.89675e-18
1.15673e-35
9.86005e-32
-3.89424e+33
-3.5174e+13
-1.66073e-24
1.15716e-38
7.73702e+25
2.26563e-31
2.26565e-31
2.34638e-38
3.2699e+38
5.06828e-29
5.05125e-29
-3.67934e-39
1.3722e-19
7.82222e+32
-nan
2.00415
-nan
1.18528e-38
4.28358e+37
nan
-1.68243e-25
-1.68495e-25
-3.39734e+38
6.49037e+32
-1.16633e-38
-1.51531e-39
8.02137e-15
3.69413e+19
-4.0733e+36
-1.00742e+36
6.24912e-39
-1.18824e+29
-2.66151e-38
nan
-2.03421e+38
-2.63651e-21
-4.06617e-21
nan
3.57331e-43
1.70803e+38
5.05125e-29
5.05125e-29
3.90306e-39
629.346    <--21
33.3651
560
-1.93164
9.54521e-29
-1.38839e+24
7.3158e-24
52096
-1.59886e-21
-1.59886e-21
9.16547e-41
1.17054e-38
-1.51546e-39
-1.51531e-39
2.27652e-13
1.93993e-22
1.15632e-35
9.86005e-32
-3.89424e+33
-6.64419e+35
-2.37034e+21
1.99187e-28
9.3131e-10
3.36177e+08
3.3618e+08
2.34638e-38
3.2699e+38
5.06828e-29
5.05125e-29
-3.67934e-39
3.08942e+35
6.29429e+32
-nan
2.00415
-nan
1.16692e-38
1.64757e+38
nan
-1.91129e-17
-1.91513e-17
-3.39803e+38
6.49037e+32
-1.16633e-38
-1.51531e-39
8.02137e-15
-3.78279e+22
-1.59089e+34
-1.00742e+36
6.24912e-39
-2.97059e+28
1.928e+38
9.41331e+36
-2.03504e+38
6.68304e-22
1.10585e-21
nan
3.57331e-43
1.70803e+38
5.05125e-29
5.05125e-29
3.90306e-39
598.202    <--22
33.3652
560
-1.93945
1.1754e-28
-5.86614e+21
8.14276e-24
2.38387e+06
-2.55203e-13
-2.55203e-13
9.16547e-41
1.17054e-38
-1.51546e-39
-1.51531e-39
2.27652e-13
3.62215e-27
1.15654e-35
9.86005e-32
-3.89424e+33
6.77438e-21
-6.6429e-24
3.52407e-18
-1.29806e+33
1.67595e-32
1.67596e-32
2.34639e-38
3.2699e+38
5.06828e-29
5.05125e-29
-3.67934e-39
-9.67591e-31
6.29429e+32
-nan
2.00415
-nan
1.18529e-38
6.69116e+35
nan
-4.11226e-09
-4.12383e-09
-3.39875e+38
6.49037e+32
-1.16633e-38
-1.51531e-39
8.02137e-15
8.39949e+06
-1.59063e+34
-1.00742e+36
6.24912e-39
-7.42632e+27
-2.6666e-38
1.47141e+35
-2.03593e+38
6.58976e-25
1.17028e-24
nan
3.57331e-43
1.70803e+38
5.05125e-29
5.05125e-29
3.90306e-39
565.946    <--23
33.3652
560
-1.93945
1.4515e-28
-6.71045e+17
9.02103e-24
1.1246e+08
-8.09294e-05
-8.09294e-05
9.16547e-41
1.17054e-38
-1.51546e-39
-1.51531e-39
2.27652e-13
4.57062e-32
1.15654e-35
9.86005e-32
-1.5577e+34
1.99947
2.85337e-14
1.51871e-08
-0.0156248
376.526
376.529
2.34639e-38
3.2699e+38
5.06828e-29
5.05125e-29
-3.67934e-39
5.98137e+15
6.29428e+32
-nan
2.00415
-nan
1.1853e-38
-9.46816e-38
nan
-1.79144
-1.79492
-3.3995e+38
6.49037e+32
-1.16633e-38
-1.51531e-39
8.02137e-15
-1.01105e-28
-1.5531e+31
-1.00742e+36
6.24912e-39
-7.42632e+27
-2.66904e-38
-8.08396e-38
-2.03676e+38
-1.01919e-29
-1.92839e-29
nan
3.57331e-43
1.70803e+38
5.05125e-29
5.05125e-29
3.90306e-39
532.578    <--24
33.3652
560
-1.93945
1.71183e-28
-1.16735e+19
9.89991e-24
5.25127e+09
-49351.2
-49351.2
9.16547e-41
1.17054e-38
-1.51546e-39
-1.51531e-39
2.27652e-13
3.88016e-37
1.15645e-35
9.86005e-32
-1.5577e+34
1.47535e+20
-6.33574e-30
249.495
-1.88077e-37
-1.31738e+35
-1.31739e+35
2.34639e-38
3.2699e+38
5.06828e-29
5.05125e-29
-3.67934e-39
-5.54846e+18
6.16752e+32
-nan
2.00415
-nan
1.1853e-38
-9.46751e-38
nan
-1.56292e+09
-1.56706e+09
-3.40027e+38
6.49037e+32
-1.16633e-38
-1.51531e-39
8.02137e-15
1.01544e+31
-1.55279e+31
-1.00742e+36
6.24912e-39
-7.42632e+27
4.83312e+37
nan
-2.03764e+38
-6.15636e-37
-1.2373e-36
nan
3.57331e-43
1.70803e+38
5.05125e-29
5.05125e-29
3.90306e-39
498.1    <--25
33.3652
560
-1.93945
1.96426e-28
-1.05273e+17
1.07272e-23
2.43203e+11
-5.82294e+13
-5.82294e+13
9.16547e-41
1.17054e-38
-1.51546e-39
-1.51531e-39
2.27652e-13
-1.06015e+32
1.15645e-35
9.86005e-32
-1.5577e+34
-2.35037e-38
-1.54672e-33
1.06728e+12
2.07689e+34
6.20085e-12
6.20091e-12
2.34639e-38
3.2699e+38
5.06828e-29
5.05125e-29
-3.67934e-39
0.000102043
6.16751e+32
-nan
2.00415
-nan
1.16694e-38
-4.79308e-35
nan
-2.52788e+18
-2.53764e+18
-3.40106e+38
6.49037e+32
-1.16633e-38
-1.51531e-39
8.02137e-15
-6.02634e-36
-2.48359e+32
-1.00742e+36
6.24912e-39
-7.42647e+27
1.93491e+38
2.00506e-38
-2.03852e+38
-1.68173e+31
-3.58036e+31
nan
3.57331e-43
1.70803e+38
5.05125e-29
5.05125e-29
3.90306e-39
462.51    <--26
33.3655
560
-1.93945
2.39813e-28
-3.32143e+16
1.1605e-23
8.40096e+12
6.48172e-22
-1.51546e-39
-1.51531e-39
-6.37031e+14
-6.37031e+14
12.6252
2.27652e-13
16165
1.16147e-35
6.16226e-32
-1.42849e+16
-7.38273e-25
2.28831e+13
-3.30813e+25
-3.30813e+25
459.776
5.06829e-29
5.05125e-29
8.52224e-29
8.52229e-29
-2.99256e+18
-3.70221e-39
6.14771e+36
2.68269e+33
-6.97381e-15
3.79289e+22
5.34555e+24
2.80451e+14
-3.34748e+16
-3.34751e+16
-1.34193e+23
-1.16732e-38
-1.51531e-39
-6.35519e+14
-6.37031e+14
-3.46367e-32
2.31221e-14
-2.91416e-11
1.44798e+22
-1.00742e+36
6.249e-39
-1.51462e-36
1.93524e+38
-2.22173e+30
-2.22775e+30
-3.92814e+21
2.07712e+38
5.05125e-29
5.05125e-29
8.52229e-29
3.18857e+22
9.69711e+29
3.90306e-39
462.51    <--27
33.3655
558.859
1.9821e-38
2.38929e-28
-6.65774e+28
-1.52228e+29
8.45034e+12
6.48172e-22
-1.51546e-39
-1.51531e-39
-6.37031e+14
-6.37031e+14
416.458
2.27655e-13
0.0303564
1.15853e-35
7.31782e-32
-7.52949e+15
-7.89934e-25
4.58488e+14
-1.7521e+35
-1.7521e+35
459.776
5.06829e-29
5.05125e-29
8.52224e-29
8.52229e-29
-1.74458e+07
-3.75566e-39
-2.82332e+34
1.15745e+33
-8040.25
0.501038
1.04454e+34
1.1853e-38
1.10217e-16
1.10218e-16
-1.34193e+23
-1.16732e-38
-1.51531e-39
-6.35519e+14
-6.37031e+14
-31980
2.76378e+33
3.69413e+19
-4.0733e+36
-1.00742e+36
6.24904e-39
1.03631e+38
-2.67015e-38
1.49399e-37
1.49147e-37
-1.15413e-20
-1.21559e-20
3.05216e+38
3.57331e-43
1.70803e+38
-16392.2
48.9395
3.90318e-39
749.351    <--28
-1.77401e+38
559.172
-1.94904
1.77087e-28
4.02768e+30
2.66297e+30
0.0328236
1.39601e+28
1.39601e+28
9.16547e-41
1.17079e-38
-1.51546e-39
378.54
2.28201e-13
0.00327206
-2.08235
7.93484e-32
-2.10451e+28
7.33558e+19
3480.07
1.49299e-32
1.49299e-32
4.07489e+19
4.07486e+19
2.34636e-38
inf
5.06828e-29
-5.98584e-05
-3.73091e-39
1.2583e+07
8.83635e+32
-3.51753e+13
-1.06559e+37
-1.89554e-37
7.98891e+28
-9.35815e+06
-9.35809e+06
6.91085e-31
7.67451e-31
-3.39023e+38
-0
-1.16633e-38
-1.0908e-14
1.12701e+33
-1.86506e-09
1.01944e+36
-1.00742e+36
6.24907e-39
-9.47133e-38
-2.67015e-38
1.65691e-27
1.65439e-27
-1.01053e+30
-9.65308e+29
2.59123e+38
3.57331e-43
1.70803e+38
-9.54155e-07
-801517
3.90317e-39
904.54    <--29
33.3641
559.562
-1.9458
1.582e-28
49.5005
37.8145
3.96514e+07
120.631
120.631
9.16547e-41
1.17047e-38
-1.51546e-39
339.815
2.282e-13
1.87099e+15
1.15074e-35
9.09038e-32
-1.29211e+28
291832
29760.5
2.26825e-22
2.26825e-22
459.776
5.06829e-29
5.05125e-29
8.52224e-29
8.52229e-29
-1.0886e-16
-1.09206e-38
3.74051e-18
-8.48492e+36
-1.01399e+31
-1.03808e-25
-8.14127e-28
-1.33453e-23
-7.03005e+14
-7.03002e+14
1.11531e+37
1.11729e+37
-3.39602e+38
2.59615e+33
-1.16633e-38
4.3846e-36
1.62386e-14
2.53859e+30
1.44098e-37
-1.00742e+36
6.24911e-39
-2.36807e-38
1.92663e+38
3.80081e-17
3.79777e-17
3.61378e-35
4.75888e-35
3.36328e+38
3.57331e-43
1.70803e+38
-7.89258e-31
-6.32036e-25
3.90317e-39
900.126    <--30
33.3634
1.94072e+38
-nan
9.52973e-29
-2.46988e-30
-2.0776e-30
2.89576e+12
6.48172e-22
-1.51546e-39
-1.51531e-39
-6.37031e+14
-6.37031e+14
299.981
2.28198e-13
1.92703e+11
1.14956e-35
4.25926e-28
-1.01251e+35
-1.58397e+30
600049
6.93989e-12
6.93989e-12
459.776
5.06829e-29
5.05125e-29
8.52224e-29
8.52229e-29
-9.33165e-29
-1.09285e-38
-1.41364e-25
5.30553e+32
1.5485e-30
1.70074e-21
-1.38208e-17
-1020.26
8.18039e+20
8.18037e+20
-1.34191e+23
-1.16732e-38
-1.51531e-39
-6.35519e+14
-6.37031e+14
-4.16277e+11
2.3455e-14
0.0312905
4.56812e-08
-1.00742e+36
1.18533e-38
-1.88016e-37
1.92664e+38
1.61149e-06
1.61089e-06
-1.0167e-29
-1.92839e-29
nan
3.57331e-43
1.70803e+38
5.05125e-29
-2.58777e-21
3.90306e-39
651.976    <--31
33.3652
4.85531e+37
nan
9.5322e-29
5.56751e+13
5.12199e+13
7.81553e+08
-287.528
-287.528
9.16547e-41
1.17054e-38
-1.51546e-39
259.034
2.28197e-13
1.92703e+11
1.14956e-35
5.14279e-28
-1.65284e+22
-1.73801e+30
1.24188e+07
0.428214
0.428214
-1.92837e-29
-1.92839e-29
2.34639e-38
3.2699e+38
5.06828e-29
2.59333e+34
-3.75243e-39
-1.73312e+30
2.32504e+33
2.78952e-14
-3.97677e+28
-2.37469e-07
-1.97348e+28
1.47649e+25
1.47649e+25
-286.611
-287.528
-3.39969e+38
6.49037e+32
-1.16633e-38
1.23599e-16
2.48982e-14
1.73697e-18
4.05586e-23
-1.00742e+36
1.18533e-38
9.09771e+37
1.92664e+38
130200
130192
-1.01704e-29
-1.92839e-29
nan
3.57331e-43
1.70803e+38
nan
-8.19521e+08
3.90306e-39
755.886    <--32
33.3656
-2.68547e-38
2.11961e-38
9.53482e-29
-4.23328e-23
-4.23109e-23
3.51505e+12
6.48172e-22
-1.51546e-39
-1.51531e-39
-6.37031e+14
-6.37031e+14
216.98
2.27657e-13
1933.47
1.1609e-35
5.9632e-28
-6.93603e+22
-1.90652e+30
2.42742e+08
5.13564e+10
5.13564e+10
459.776
5.06829e-29
5.05125e-29
8.52224e-29
8.52229e-29
8.47345e+08
-3.74311e-39
-1.73312e+30
2.32504e+33
502.516
-6.67232e+35
-1020.01
1.15775e-38
-2.58612e+26
-2.58613e+26
-1.34192e+23
-1.16732e-38
-1.51531e-39
-6.35519e+14
-6.37031e+14
-4.78004e-34
2.15675e-14
-1.16566e-10
-5.79285e+22
-1.00742e+36
1.18533e-38
1.70071e+38
4.83309e+37
2.24202e+16
2.24271e+16
-3.91724e+21
2.07712e+38
5.05125e-29
5.05125e-29
8.52229e-29
5.34953e+29
-48.8054
3.90306e-39
787.776    <--33
33.3661
1.94483e+38
nan
1.89957e-28
5.82307e+16
6.28694e+16
3.83724e+12
6.48172e-22
-1.51546e-39
-1.51531e-39
-6.37031e+14
-6.37031e+14
173.808
2.27656e-13
1933.47
1.1609e-35
6.78362e-28
-4.42725e+21
5.54568e-21
5.38936e+08
1.1761e+22
1.1761e+22
68750.5
68751
2.34638e-38
3.2699e+38
5.06828e-29
5.82933e-18
-3.7449e-39
-1.73312e+30
2.32504e+33
5.65782e+17
-6.04169e-36
-1.78675e+13
-3.52589e-15
-7.03943e+25
-7.03944e+25
-3.74773e-35
-3.75264e-35
-3.3965e+38
6.49037e+32
-1.16633e-38
-1.48898e+09
2.21225e-14
-1.16566e-10
-5.79285e+22
-1.00742e+36
1.15779e-38
1.07066e+37
-2.67018e-38
7.32373e+27
7.32817e+27
50029.7
68751
nan
3.57331e-43
1.70803e+38
-2.95297e+20
-49932.7
3.90306e-39
787.776    <--34
33.3661
1.94618e+38
-nan
1.77387e-28
-2.69392e-24
-3.74317e-35
-4.07332e+36
-8.11014e+37
6.66024e+07
3.80888e+07
-1.67516e+20
-7.67818e+25
448.989
4.29924e+10
5.08007e+33
5.08007e+33
9.62894e-32
-1.08321e+28
-1.50042e+30
131580
3.79777e-17
-1.55714e+27
-1.47219e-05
-1.06523e-05
2.34637e-38
4.71408e+30
-8.55925e+30
-4.69483e+21
2.51499e-06
1.16392e+21
1.16392e+21
-nan
2.00415
-nan
1.16688e-38
-1.51518e-36
4.34432e-27
-8.77431e-35
-3.75264e-35
-3.3965e+38
-nan
-6.37038e+14
-2.36762e-38
2.21229e-14
-3.82623e-38
-3.82963e-38
-nan
6.24906e-39
-2.36835e-38
-2.67015e-38
5.01102e-30
7.31593e+18
-8.56509e+14
2.07712e+38
5.05125e-29
5.05125e-29
8.53893e-29
2.12807e-38
-5.9212e+25
3368.03
4296.69    <--35
67.1358
560
-1.93945
2.1595e-29
-1.06254e+23
4.09753e-24
84.3225
-8.11021e+37
6.66024e+07
3.80888e+07
-1.13731e+15
-9.76958e+20
474.992
3.76807e+11
-3.689e-32
-3.689e-32
9.86005e-32
-1.5577e+34
-3.60199e+16
-1.19672e-07
-1.39764e-20
-3.09203e-28
4.52619e+31
4.83312e+37
1.60981e-28
-9.62749e-35
-2.89999e+10
-3.14441e+29
7.11684e+19
4.50785
4.50788
-nan
2.00415
-nan
1.16688e-38
-1.51518e-36
-1.2147e-30
5.1833e-30
1.90111e-28
3.80892e+07
-nan
2.77151e-31
1.69396e+38
2.37573e+33
-4.00516e-26
-4.01035e-26
-1.01033e+36
6.24912e-39
-1.18824e+29
1.91217e+38
2.10949e-38
-8.6754e-12
-5.7341e+22
68751
nan
3.57331e-43
-1.05035e-07
8.60272e-35
-5.92273e+25
9.11195e+11
1.32566e+12    <--36
77.1633
560
-1.93945
2.1595e-29
-1.06254e+23
4.09753e-24
2.29075e-39
-3.30543e+20
-4.14779e+20
-1.40533
-8.08105e+31
1.25201e+33
19107.2
74.6379
-1.01044e+36
6.24912e-39
1.72911e+18
-1.65284e+22
3.76372e+23
3.76375e+23
-1.39763e-20
6.24748e-24
-1.07317e-29
-1.05101e-07
-1.05101e-07
-6.9539e-20
2.37565e+33
-4.00516e-26
-4.01035e-26
77.1626
4.50788
8.40333e+37
3.70376e+19
-5.53663e-17
-5.54336e-17
-3.00506e-36
-1.74397e+30
5.98136e+15
-4.14778e+20
-4.14779e+20
-2.91224e+06
1.6778e-16
13533.6
19107.3
3.25377e-19
-1.07608e-37
2.28287e-38
6.24894e-39
-4.16555e-29
-6.68816e-29
nan
4.09753e-24
-1.13772e-13
2.55102e-36
-1.051e-07
5.85483e-39
3.93411
1.05708e+12
-4.01035e-26
-2.97786
6.53183e-28    <--37
-2.56528e+19
1.9475e+38
1.51249e+10
-5.42699e-11
-5.24508e-11
-1.39762e-20
2.27368e-39
-1.51072e-36
-1.51069e-36
3.88056e-26
-4.25872e+14
1.21555e-36
19107.2
0.291554
2.92129e-11
-6.80337e-21
-1.56774e-05
-6.03985e+10
1.94222e-17
4.52054e-27
-1.5105e-36
-2.05715e+36
0
0
2.625
nan
-2.73335e-30
-4.00513e-26
-4.01035e-26
1.12729e-38
1.21288e-38
-7.69204e-37
1.48149e+20
-2.08967e-05
-1.79669e-05
1.1729e-38
-2.16885e-12
-1.54079e-33
-1.54719e-33
7.13513e-15
3.96398e+28
-0.378603
12415.2
19107.3
4.99095e+35
-6.8614e-36
-3.28358e-37
6.24894e-39
6.33297e-28
-1.86259e+30
nan
4.09753e-24
9.0259e-41
1.26735e-38
1.26735e-38
1.95156e-39
-36.6786
30.5895
-4.01035e-26
-2.97786
749.351    <--38
-1.65013e+19
1002.05
10441.8
-3.21486
-2.5586
-1.39762e-20
2.31071e-38
-2.47565e-32
-2.47565e-32
3.88056e-26
3.01455e-05
-1.45982e+26
19107.1
0.291554
-1.95064e-10
1.38005e+11
2.07494e-28
-1.15616e-26
2.83002e+19
2.23029e-11
-1.5105e-36
-1.70407e+36
1.27651e-38
1.27653e-38
2.62503
4.14363e-37
-3.83319e-34
-4.00377e-26
-4.01035e-26
6.8651e+13
1.24959e-38
-7.63319e-37
3.79292e+22
-206084
-145185
1.17349e-38
-5.29504e-16
-2.46526e-32
-2.47565e-32
7.13557e-15
9.86716e-32
-4.79468e-30
12404.6
19107.3
1.24774e+35
-7.00338e-33
-1.31166e-36
1.18714e-38
2.29804e-33
-6529.22
26082.9
19107.3
1.95156e-39
-63.7081
1.9517e-39
2.01294e-39
-63.7081
26.3177
7.71699e-31
-145185
3.10907e-12    <--39
-1.2377e+19
-3.60939e-38
3.11924e+34
-2.79922e-32
-144480
-4.00264e-26
-6.36628e-19
7.13418e+12
8.37404e-26
9.50199e-26
1.41596e+38
-2.9755e+11
3.09298e+35
1.23435e-30
-80.2506
1.27912e-12
1052.12
-2.95316
1.49096e-28
-6.58595e+29
3.53718e-18
0.00020599
-6.22016e+11
-4.012e+11
2.62503
-9.34615e+36
-1.37472e-32
1.53394e+28
-205878
-6.64841e-10
-4.10184e-18
-7.75072e-37
0.0313733
6.96446e-18
-2.54622e+30
3.31981e-27
-130610
1.17833e+14
-3.47189e+34
7.13575e-15
-1.4767e+20
-4.78786e-30
12404.6
579495
1.04514e+23
-177931
-1.31168e-36
1.18714e-38
1.10892e-38
1.30468e-38
-7.69188e-37
-2.03548e+38
-4.27849e+15
-2.49544e+15
1.2843e-38
1.95156e-39
-45.997
26.3177
7.71699e-31
-2.93199e-23
8.09188e+36    <--40
-1.23554e+19
-3.60939e-38
7.79811e+33
-2.85854e-29
-8.18412e-38
6.32038e-24
3.35598e+24
-1.43054e+35
-8.47317e-32
3.88056e-26
3.01458e-05
-2.9755e+11
3.09298e+35
1.23435e-30
-110.123
7.26244e-13
1052.12
-2.95316
8.67754e-29
-6.62938e+18
-1.45781e+32
1.40059e-10
-1.30332e+19
-6.80476e+18
2.62503
-6.58632e-06
-1.37471e-32
1.53394e+28
-205878
-3.64833e+25
3.10505e-20
-7.75072e-37
0.0313733
-8221.94
-1.11517e-16
-1.14802e+15
nan
-4.96629e+14
1.23882e+14
7.13554e-15
-1.38786e+18
-4.78427e-30
12404.6
579495
3.28952e-09
1.2622e-05
-2.51571e+36
6.24912e-39
-nan
1.19445e-38
2.8706e+17
-2.03314e+38
-2.39347e+22
-1.17242e+22
1.27551e-38
-4.30963e-22
-5.14167e-39
1.73464e+38
2.8976e-14
-9.89922e-32
-4.94403e+32    <--41
4.28688e-14
560
1.6485e+12
4.79041e+37
1.65533e+38
6.32605e-24
2.24837e+26
-8.74286e+24
9.32637e-26
9.50199e-26
1.41596e+38
1.87352e-37
1.88093e-37
1.27652e-38
-136.119
9.07748
9.86111e-32
-2.15627
2.64273e-29
-5.42559e+32
-1.10882e+32
0.000174519
-4.74245e+25
-2.32586e+25
2.62503
-6.58632e-06
-9.58851e-38
-1.5342e-36
-2.4682e-32
1.81076e-30
1.78969e-28
2.37674e-41
1.77126e-15
-3.78755e+22
-5.39002e+08
-3.74694e-37
-1.00618e-28
-7.05456e-06
1.09991e-07
7.13555e-15
-1.36083e+18
1.92595e-37
1.9544e-37
3.67432e-39
-7.11254e+12
-2.89763e-38
-2.29763e+36
1.99255
3.44449e-40
1.19443e-38
-1.90295e-34
-2.02824e+38
-5.79383e+28
-2.86172e+28
1.27589e-38
-3.01409e-26
-5.14167e-39
-2.39691e-38
7.24442e-15
8.42419e+06
3.152e-25    <--42
48.2657
560
7.94013e-23
4.77276e+37
-3.58876e-37
3.60579e-24
-3.98405e-14
1.67688e-15
-2.32221e-32
3.88056e-26
1.17089e-38
1.87352e-37
1.87352e-37
1.27652e-38
-158.769
9.02848
9.8662e-32
-6.23066e+34
1.24739e-29
-2.73522e+25
-4.95799e-32
0.00344843
-4.18176e+31
-2.04331e+31
2.62503
3.39732e+38
-2.29589e-40
-2.39691e-38
-2.46828e-32
2.66494e-17
1.15728e-28
1.66569e-39
-1.54299e+26
3.61209e+16
-2.41667e-35
2.89029e+32
7.42427e-09
504386
-7864.75
7.13556e-15
nan
1.9249e-37
1.91032e-37
3.76616e-39
-4.13765e+34
6.89069e-09
4.39409e-28
-2.60591e+38
6.5892e-39
1.19441e-38
1.14529e-13
-2.02767e+38
-2.02228e+34
-1.00183e+34
1.27623e-38
-3.01409e-26
-5.40692e-37
-3.8354e-37
7.24507e-15
1.66138e-24
-7.34182e-35    <--43
-2.33402e+26
-1.86092e+38
0.000366533
-1.0512e-37
2.2438e-38
3.60279e-24
-6.23667e-25
2.53035e-26
-2.4082e-32
3.88056e-26
1.17017e-38
1.89563e-37
1.91032e-37
1.27652e-38
-178.49
9.01277
9.86014e-32
-2.50391
5.96577e-30
-1.45781e+32
2.84967e+14
0.462884
-6.77021e+36
-3.32276e+36
2.62503
3.39717e+38
1.73459e+38
-2.29592e-40
-2.4682e-32
7.70995e-06
4.03011e-29
1.6603e-39
-3.85747e+25
-2.15055e+09
-3.70354e+19
4.64543e+08
-8.765e+12
-1.68487e-21
6.56837e-24
7.13557e-15
nan
1.88082e-37
1.87352e-37
3.67432e-39
1.89154e+17
-4.73836e-20
5.11984e-28
-2.60591e+38
8.9769e-39
1.15765e-38
0.00196778
-2.02496e+38
13518.7
8273.65
1.26984e-38
-4.70952e-28
1.70803e+38
-2.39691e-38
7.24464e-15
0.000122588
-8.87886e-11    <--44
-3.91583e+33
-1.86092e+38
7.86201e+11
4.73636e+37
2.24853e-38
2.78183e-24
5.1975e+16
-5.7331e+14
-6.25156e-33
3.88056e-26
1.17017e-38
1.89563e-37
1.91032e-37
1.27652e-38
-6.08481e+31
-2.25097e+15
4.59163e-41
-4.05545e+19
3.07487e-41
-4.05758e+19
3.07487e-41
4.96052e+20
