988.3    <--0
33.57
560
-2.01953
-0
-0
6.36541e-25
4.59163e-41
0
0
1.77965e-43
1.17087e-38
1.70803e+38
1.70801e+38
1.43493e-41
2.98555e+33
2.04041e-35
9.86084e-32
3.52643e-38
-5.62963e+14
1.67132e+35
4911.98
-1.32921e+36
0
0
4.5559e-41
3.38953e+38
5.34438e-29
5.32736e-29
-3.67935e-39
2.29718e-27
1.02023e+22
6.66532e-40
1.99426
1.1709e-39
1.78144e-38
2.16625e-22
nan
1.06499e-43
0
1.16631e-38
1.70141e+38
-1.16633e-38
-1.51531e-39
8.02137e-15
7.65419e-06
4.4671e-11
6.12223e-28
-2.60591e+38
3.25216e-19
7408.12
nan
-2.01072e+38
9.02198e-41
0
1.70141e+38
0
1.70803e+38
5.05125e-29
5.05125e-29
9.78054e-39
988.3    <--1
33.3508
560.001
-1.92383
-2.49524e+27
-4.60197e+26
6.36787e-25
7.02541e-39
0
0
1.77965e-43
1.17087e-38
-1.51546e-39
-1.51531e-39
7.74658e+25
2.89104e+33
1.09674e-35
9.86866e-32
-3.62672e+24
-1.40848e+14
-9.89838e-32
4.51372e+09
-5.82069e-11
3.8528e-34
3.8528e-34
2.34636e-38
3.28319e+38
5.06828e-29
5.05125e-29
-3.86301e-39
-nan
3.59416e+28
1.86039e-39
2.00415
-nan
1.15729e-38
-1.0417e-25
nan
3.12822e-39
3.12245e-39
-3.38954e+38
3.86856e+25
-4.68365e-38
-1.51531e-39
1.28342e-13
6.66774e+35
-5.79861e+22
9.34178e-33
6.24912e-39
-2.0791e-17
-9.85223e-38
2.20355e-38
-2.01223e+38
1.49457e+08
1.34533e+08
1.70541e+38
3.57331e-43
1.70803e+38
5.0907e-29
5.05125e-29
9.78054e-39
987.055    <--2
33.3557
560
-1.68945
1.37673e-34
-2.15504e+31
7.60689e-25
3.17438e-27
1.26735e-38
1.26735e-38
9.16547e-41
1.17011e-38
-1.51582e-39
-1.51531e-39
7.74658e+25
1.52669e+33
1.09422e-35
9.8602e-32
-9.2846e+26
1.03317e-25
6.51613e+32
7.54264e+31
1.98068e+28
-2.26672e+15
-2.26671e+15
2.34636e-38
3.16356e+38
5.06828e-29
5.05125e-29
-3.67934e-39
1.47719e+19
1.4754e+25
-nan
2.00415
-nan
1.15744e-38
-1.20343e-35
nan
3.41839e-38
3.41637e-38
-3.3896e+38
9.90352e+27
-1.16633e-38
-1.51531e-39
8.02137e-15
-8.82468e+12
785.846
-4.02966e+36
6.24912e-39
-8.7248e-11
4.56585e+37
1.60271e+38
-2.01417e+38
-2.30685e-12
-1.84275e-12
1.72364e+38
3.57331e-43
1.70803e+38
5.05125e-29
5.05125e-29
9.78054e-39
983.286    <--3
33.3568
560
-1.67383
5.65739e-33
-2.75637e+26
9.39476e-25
2.76862e-15
1.29311e-37
1.29311e-37
9.16547e-41
1.17019e-38
-2.65415e-38
-1.51531e-39
7.74658e+25
3.20428e+32
1.10783e-35
9.8602e-32
-2.16174e+17
3.68517e+19
2.54536e+30
-5.18013e-23
0.000976549
-8369.54
-8369.5
2.34636e-38
3.13698e+38
5.06828e-29
5.05125e-29
-3.67934e-39
2.15731e-21
3.05658e+25
-nan
2.00415
-nan
1.19425e-38
2.09287e+37
nan
6.97045e-37
6.9652e-37
-3.38971e+38
6.1897e+26
-1.16633e-38
-1.51531e-39
8.02137e-15
5.51543e+11
4.57409e-08
-4.02966e+36
6.24912e-39
-5.99625
-2.55597e-38
2.19078e-38
-2.01614e+38
6.3188e-16
4.58482e-16
1.75655e+38
3.57331e-43
1.70803e+38
5.05125e-29
5.05125e-29
9.78054e-39
976.99    <--4
33.3552
560
-1.71289
4.93036e-32
-8.97514e+27
1.17948e-24
0.00225067
5.66634e-36
5.66634e-36
9.16547e-41
1.17019e-38
-1.51546e-39
-1.51531e-39
7.74658e+25
3.06322e+31
1.11081e-35
9.8602e-32
-3.37772e+15
-8.57942e+09
3.88392e+25
-3.95324
4.81476e-35
-1.40301e+08
-1.403e+08
2.34636e-38
3.13698e+38
5.06828e-29
5.05125e-29
-3.67934e-39
0.000176431
2.45735e+26
-nan
2.00415
-nan
1.1943e-38
8.43823e+37
nan
7.08191e-35
7.07276e-35
-3.38988e+38
6.1897e+26
-1.16633e-38
-1.51531e-39
8.02137e-15
3.77381e-37
9.96109e+32
-4.02966e+36
6.24912e-39
-0.374765
-1.03128e-37
9.59699e+36
-2.01811e+38
-0.00308111
-0.00207108
1.80417e+38
3.57331e-43
1.70803e+38
5.05125e-29
5.05125e-29
9.78054e-39
968.167    <--5
33.3543
560
-1.74414
2.44977e-31
-9.18793e+26
1.42501e-24
1.87485e+09
1.23401e-33
1.23401e-33
9.16547e-41
1.17019e-38
-1.51546e-39
-1.51531e-39
7.74658e+25
1.12997e+30
1.1076e-35
9.8602e-32
-2.16174e+17
-1.43952e+17
-5.78749e+17
-7.70057e+22
-2.74874e+11
-1.7076e+29
-1.70759e+29
2.34636e-38
3.13698e+38
5.06828e-29
5.05125e-29
-3.67934e-39
-7.82318e-08
4.40695e+26
-nan
2.00415
-nan
1.19433e-38
8.23849e+37
nan
3.18446e-32
3.17862e-32
-3.39011e+38
6.1897e+26
-1.16633e-38
-1.51531e-39
8.02137e-15
5.38616e+08
8.23918e+08
-4.02966e+36
6.24912e-39
-6.43947e+09
-1.03639e-37
4.05428e+37
-2.01952e+38
9.62104e+20
6.47402e+20
1.86601e+38
3.57331e-43
1.70803e+38
5.05125e-29
5.05125e-29
3.90307e-39
957.142    <--6
33.353
560
-1.99414
4.43734e-31
-5.66489e+30
1.54122e-24
39.375
9.80241e-31
9.80241e-31
9.16547e-41
1.17097e-38
-1.51546e-39
-1.51531e-39
2.27659e-13
2.28644e+28
1.12723e-35
9.8602e-32
2.3666e-30
4.13915e-25
-2.15574e+09
-7.87638e+28
1.23258e-32
-1.60846e+17
-1.60846e+17
2.34636e-38
nan
5.06828e-29
5.05125e-29
-3.67934e-39
-6.86098e+15
1.42822e+31
-nan
2.00415
-nan
1.1576e-38
-1.86578e-37
nan
3.17933e-29
3.17641e-29
-3.39037e+38
4.15384e+34
-1.16633e-38
-1.51531e-39
8.02137e-15
-6.02634e-36
1.2873e+07
-4.02966e+36
6.24912e-39
-24562.1
4.69825e+37
2.22385e-38
-2.02025e+38
1.47255e+31
1.15237e+31
1.93336e+38
3.57331e-43
1.70803e+38
5.05125e-29
5.03026e-29
3.90306e-39
945.257    <--7
33.365
560
-1.77539
8.1967e-31
-2.32735e+30
1.6995e-24
0.00258636
1.31944e-27
1.31944e-27
9.16547e-41
1.17015e-38
-1.51546e-39
1.92069e+38
2.27652e-13
3.13083e+26
1.15594e-35
9.8602e-32
-9.73561e+32
-1.77578e-15
-2.85345e-14
3.05746e-33
-1.45517e-11
1.08169e-37
5.06834e-29
5.03026e-29
5.91768e-42
1.20787e-38
0
0
0
0
0
