988.3    <--0
33.57
560
-2.01953
-0
-0
6.36541e-25
4.59163e-41
0
0
1.77965e-43
1.17087e-38
1.70803e+38
1.70801e+38
1.43493e-41
2.98555e+33
2.04041e-35
9.86084e-32
3.52643e-38
-5.62963e+14
1.67132e+35    <--1
4911.98
-1.32921e+36
0
0
4.5559e-41
3.38953e+38
5.34438e-29
5.32736e-29
-3.67935e-39
1.68766
6.8878e-41
1.77253e-38
-1.32265e-23
nan
nan
1.07225e-35
nan
-4.25366e+37
3.69078e+19
1.09062e-19
2.0671e+38
6.68472e+07
-1.0873e-34
8.02289e-15
-5.85516e+14
1.76329e-38
5.08199e-29
5.05125e-29
-2.00799e+38
-2.44555e+38
2.06361e+23
-1.9441e+38
9.02198e-41
3.0076e-39
2.949e-06
8.26951e-25
1.70803e+38
5.32736e-29
5.32736e-29
7.59372e-36
-2.01952
-1.98365e-38
-1.51531e-39
4.66905e-25
2.99811e-05
9.70364e-05
2.50766e-24
2.30966e-38
1.36396e-12
118.502
1.56678e+38
1.17087e-38
-1.08558e-34
-1.0873e-34
8.68422e-19
3.52361e-38
-5.62963e+14
5.05125e-29
5.05125e-29
-1.32921e+36
-1.6777e+07    <--2
33.3515
-1.32921e+36
-1.90625
-2.32114e+27
-8.42217e+25
3.39023e+38
5.34438e-29
5.32736e-29
-3.67935e-39
1.68766
6.8878e-41
-1.51559e-39
-1.51531e-39
nan
2.95442e+33
1.09439e-35
nan
-9.90382e+27
-9.02032e+15
-4.35348e-19
1.73711e+07
1020.01
9.40453e-38
9.40453e-38
-2.24737e+15
1.1388e-38
5.08199e-29
5.05125e-29
-2.26054e+38
7.22158e-35
3.04199e+27
-1.99727e+38
9.02198e-41
-nan
1.14808e-38
-1.62769e-27
1.70802e+38
1.93314e-39
1.92857e-39
-3.38954e+38
1.00002e+28
-1.98365e-38
-1.51531e-39
1.28342e-13
-4.57476e-10
0.0119912
1.49469e-31
2.30966e-38
-1.39529e-09
4.43786e+37
2.21994e-38
1.16971e-38
0.00054232
0.000489146
1.70442e+38
3.52368e-38
-5.62957e+14
5.0907e-29
5.05125e-29
-1.32921e+36
987.292    <--3
33.3581
-1.32921e+36
-1.63477
7.74881e-35
-1.04583e+31
3.07561e+38
3.99946e-28
1.02857e-38
1.02857e-38
1.6953
3.73096e-41
-2.65418e-38
-1.51531e-39
nan
1.72147e+33
1.09861e-35
9.86005e-32
-3.62685e+24
-127.884
-8.4219e+06
1.18844e+30
-3.15677e+29
-3.0689e-05
-3.06889e-05
-2.24737e+15
1.00105e-38
5.08199e-29
5.05125e-29
-2.00799e+38
1.4703e+33
7.26366e+24
-nan
2.01532
-nan
1.19417e-38
-3.07821e-36
1.70803e+38
2.66523e-38
2.66331e-38
-3.38959e+38
1.00002e+28
-1.98365e-38
-1.51531e-39
4.66905e-25
1.74513e-15
3.21883e+06
-1.00742e+36
2.3055e-38
-5.71847e-06
4.55832e+37
1.60668e+38
1.17107e-38
3.34047e+36
2.68929e+36
1.72114e+38
3.52368e-38
-5.62957e+14
5.05125e-29
5.05125e-29
-1.32921e+36
983.775    <--4
33.3567
-7.26921e+35
-1.67383
4.42961e-33
-3.16743e+26
nan
3.4954e-16
9.1471e-38
9.1471e-38
1.6953
3.87445e-41
-2.65418e-38
-1.51531e-39
nan
4.05886e+32
1.11131e-35
9.86005e-32
-3.37777e+15
2.97654e-08
-2.66901e+36
-2.00733e-25
-0.0155641
-3.92805e-34
-3.92803e-34
-2.24737e+15
9.91868e-39
5.08199e-29
5.05125e-29
-2.00799e+38
1007.93
5.72026e+25
-nan
2.01532
-nan
1.19424e-38
2.10958e+37
1.70804e+38
4.94255e-37
4.93744e-37
-3.3897e+38
6.25012e+26
-1.98365e-38
-1.51531e-39
4.66905e-25
-0.00767517
-3.53905e+18
-1.00742e+36
2.3055e-38
-383.775
-1.02133e-37
2.17248e-38
1.17239e-38
-1.2711e+16
-9.27823e+15
1.75261e+38
3.52368e-38
-5.62957e+14
5.05125e-29
5.05125e-29
-1.32921e+36
977.731    <--5
33.3547
-7.26921e+35
-1.72852
4.27554e-32
-2.94014e+28
nan
0.000285141
3.71499e-36
3.71499e-36
1.6953
3.87445e-41
-8.7274e-40
-1.5153e-39
nan
3.87871e+31
1.11077e-35
9.86005e-32
-3.37777e+15
-1.86036e-09
2.37055e+21
-0.018433
-7.67369e-34
1.0573e+31
1.05729e+31
-2.24737e+15
9.91868e-39
5.08199e-29
5.05125e-29
-2.00799e+38
4.40663e+29
4.18935e+26
-nan
2.01532
-nan
1.19429e-38
8.37174e+37
1.70805e+38
4.10508e-35
4.10059e-35
-3.38986e+38
6.25012e+26
-1.98365e-38
-1.51531e-39
4.66905e-25
-2.36509e-35
-4.36204e-14
-1.00742e+36
2.3055e-38
-0.0234224
-1.03051e-37
3.90896e+37
1.17375e-38
8.60864e+11
5.81214e+11
1.79877e+38
3.52368e-38
-5.62957e+14
5.05125e-29
5.05125e-29
-1.32921e+36
969.159    <--6
33.3541
-7.26921e+35
-1.75195
2.06458e-31
-1.16058e+26
nan
2.37498e+08
6.65146e-34
6.65146e-34
1.6953
3.87445e-41
-1.51559e-39
-1.51531e-39
nan
1.66155e+30
1.10644e-35
9.86005e-32
-8.64708e+17
-511.436
-2.66901e+36
-1.20336e+21
1.75236e+13
1.78456e+35
1.78455e+35
-2.24737e+15
9.91868e-39
5.08199e-29
5.05125e-29
-2.00799e+38
-9.65676e+35
4.5762e+26
-nan
2.01532
-nan
1.19433e-38
4.96128e+36
1.70805e+38
1.61143e-32
1.60855e-32
-3.39008e+38
6.25012e+26
-1.98365e-38
-1.51531e-39
4.66905e-25
-2.47998e-29
-6.28509e-39
-1.00742e+36
2.3055e-38
-1.49906
-1.03639e-37
4.03584e+37
1.17487e-38
-3.95549e+21
-2.58046e+21
1.85942e+38
3.52368e-38
-5.62957e+14
5.05125e-29
5.05125e-29
-1.32921e+36
958.27    <--7
33.3519
-7.26921e+35
-1.93164
4.46815e-31
-1.42612e+31
nan
120574
4.96278e-31
4.96278e-31
1.6953
4.52017e-41
-1.51559e-39
-1.51531e-39
nan
3.4053e+28
1.11426e-35
9.86005e-32
2.31116e-33
2.52549e-29
8.42088e+06
-1.96526e+28
7.70696e+25
2.56467e+18
2.56466e+18
-2.24737e+15
1.22146e-38
5.08199e-29
5.05125e-29
-2.24725e+38
8.45601e-17
6.38846e+30
-nan
2.01532
1.72193e-39
1.1576e-38
-1.86574e-37
1.70806e+38
1.56012e-29
1.5586e-29
-3.39034e+38
-2.01952
-1.98365e-38
-1.51531e-39
4.66905e-25
3.6245e+19
-3142.84
-1.00742e+36
2.3055e-38
-1.68821e+15
4.69643e+37
nan
1.1753e-38
-2.22889e+26
-1.75195e+26
1.92629e+38
3.52368e-38
-5.62958e+14
5.05125e-29
5.03026e-29
-1.32921e+36
946.515    <--8
33.3642
-7.26921e+35
-1.75195
7.61124e-31
-2.32116e+27
1.66067e-24
0.00173566
6.18692e-28
6.18692e-28
1.6953
3.83858e-41
-2.65418e-38
1.92069e+38
nan
5.14454e+26
1.15748e-35
9.86005e-32
-1.48556e+28
-6.61368e-24
2.00794
1.91838e-34
9.27686e-10
-3.27873e-14
-3.27872e-14
-2.24737e+15
1.01024e-38
5.08199e-29
5.05125e-29
-2.00799e+38
5.87683e-38
1.06652e+32
-nan
2.01532
-nan
1.19435e-38
1.50158e+38
1.70266e+38
3.13515e-26
3.13186e-26
-3.39063e+38
1.02402e+31
-1.98365e-38
-1.51531e-39
4.66905e-25
1.41582e+17
-4.57314e-08
-1.00742e+36
2.3055e-38
-7.60501e+30
-2.60547e-38
nan
2.21141e-39
-2.49737e-24
-1.94638e-24
2.00174e+38
3.52368e-38
-5.62958e+14
5.05125e-29
5.05125e-29
-1.32921e+36
933.094    <--9
33.3621
-7.26921e+35
-1.86133
1.54074e-30
-2.45115e+29
1.99699e-24
67.248
2.09502e-24
2.09502e-24
1.6953
4.08969e-41
-1.51559e-39
1.92069e+38
nan
4.18933e+24
1.1498e-35
9.86005e-32
-2.32118e+26
1.65327e-24
-2.54505e+30
8.60598e-19
1.22778e-32
-0.000146602
-0.000146602
-2.24737e+15
1.03779e-38
5.08199e-29
5.03026e-29
-2.00799e+38
2.52203e+28
2.84292e+32
-nan
2.01532
-nan
1.18519e-38
4.28466e+37
1.70267e+38
1.8138e-22
1.81241e-22
-3.39095e+38
6.40012e+29
-1.98365e-38
-1.51531e-39
4.66905e-25
2.61173e+36
9.95868e+32
-1.00742e+36
2.3055e-38
-7.42632e+27
-1.04558e-37
-nan
2.22073e-39
2.41778e-33
1.89025e-33
2.08736e+38
3.52368e-38
-5.62958e+14
5.05125e-29
5.05125e-29
-1.32921e+36
917.927    <--10
33.3626
-7.26921e+35
-1.9082
2.92125e-30
-1.3927e+28
2.33303e-24
1.47126e+07
2.0765e-20
2.0765e-20
1.6953
4.08969e-41
-1.51559e-39
-1.51531e-39
nan
1.8236e+22
1.14429e-35
9.86005e-32
-5.94223e+28
-3.84985e-34
-2.31471e+18
0.0039823
-1.44951e-11
-3.09197e-32
-3.09195e-32
-2.24737e+15
1.04697e-38
3.1018e-33
5.02972e-29
-2.00799e+38
6.18927e+26
7.07562e+31
-nan
2.01532
-nan
1.16684e-38
4.28406e+37
1.70267e+38
3.01285e-18
3.01048e-18
-3.39132e+38
6.40012e+29
-1.98365e-38
-1.51531e-39
4.66905e-25
-5.79919e+20
-5.39817e+13
-1.00742e+36
2.3055e-38
-2.83268e+22
-2.62154e-38
2.16865e-38
2.23006e-39
0.204798
0.160393
2.18316e+38
3.52368e-38
-5.62958e+14
5.05125e-29
5.05125e-29
-1.32921e+36
901.012    <--11
33.3636
-7.26921e+35
-1.9082
5.22619e-30
-5.68167e+21
2.6691e-24
5.64771e+11
5.86854e-16
5.86854e-16
1.6953
4.08969e-41
-1.51559e-39
-1.51531e-39
nan
4.64974e+19
1.14587e-35
9.86005e-32
-6.08484e+31
-1.47519e+20
6.33574e-30
2.73292e+11
5.66215e-14
1.42408e-19
1.42408e-19
-2.24737e+15
1.05615e-38
5.08199e-29
5.05125e-29
-2.24725e+38
1.88247e-38
7.39253e+31
-nan
2.01532
0
1.15766e-38
9.76618e+37
1.70267e+38
1.36126e-13
1.36037e-13
-3.39172e+38
1.07376e+37
-1.98365e-38
-1.51531e-39
3.20855e-14
6.50112e-24
6.49723e-22
-1.00742e+36
2.3055e-38
7.39666e-32
1.89991e+38
2.21069e-38
2.23508e-39
9.57549e-27
8.68776e-27
2.28732e+38
3.52368e-38
-5.62959e+14
5.05125e-29
5.05125e-29
-1.32921e+36
882.856    <--12
33.3634
-7.26921e+35
-1.90039
6.65599e-30
-3.48607e+31
2.85e-24
2.71088
3.50565e-11
3.50565e-11
1.6953
4.23318e-41
-1.51559e-39
-1.51531e-39
nan
7.63215e+16
1.1449e-35
9.86005e-32
-1.41674e+22
6.77034e-21
1.19668e-07
4.87007e+21
3.31009e+35
2.50357e-12
2.50356e-12
-2.24737e+15
1.00105e-38
5.08199e-29
5.03026e-29
-2.00799e+38
7.24681e+10
6.85377e+31
-nan
2.01532
-nan
1.16686e-38
9.69978e+37
1.70268e+38
1.17731e-08
1.17694e-08
-3.39214e+38
2.50005e+27
-1.98365e-38
1.92074e+38
4.66893e-25
-3.87497e-31
-5.14714e+07
-1.00742e+36
2.3055e-38
-1.90121e+30
-2.63188e-38
1.59331e+38
2.24441e-39
2.48561e+32
2.28757e+32
2.3987e+38
3.52368e-38
-5.62958e+14
5.05125e-29
5.05125e-29
-1.32921e+36
863.258    <--13
33.3634
-7.26921e+35
-1.95508
1.1044e-29
-6.22071e+28
3.18606e-24
3623.94
5.10256e-06
5.10256e-06
1.6953
4.12556e-41
-1.51559e-39
-1.51531e-39
nan
7.33086e+13
1.1449e-35
9.86005e-32
-2.37689e+29
6.48718e+32
4.25159e-22
2.16006e+37
-2.31921e-10
-1.43083e+28
-1.43083e+28
-2.24737e+15
1.05615e-38
5.08199e-29
5.03026e-29
-2.00799e+38
4.60964e-08
3.10997e+31
-nan
2.01532
-nan
1.16687e-38
2.6773e+36
1.70268e+38
0.00290353
0.0029027
-3.39261e+38
6.40012e+29
-1.98365e-38
1.92074e+38
4.66893e-25
7.85937
6.5241e+37
-1.00742e+36
2.3055e-38
-1.10647e+20
1.909e+38
-3.52811e+22
2.25373e-39
-1.04691e-23
-9.80202e-24
2.5202e+38
3.52368e-38
-5.62958e+14
5.05125e-29
5.05125e-29
-1.32921e+36
841.91    <--14
33.3639
-7.26921e+35
-1.92383
1.75521e-29
-9.06706e+25
3.73509e-24
2.69348e+07
2.01953
2.01953
1.6953
4.05382e-41
-1.51559e-39
-1.51531e-39
nan
3.97106e+10
1.14771e-35
9.86005e-32
-3.8943e+33
-1.99941
0.125496
-5.11931e-26
2.10931e-22
1.54059e+31
1.54059e+31
-2.24738e+15
1.05615e-38
5.08199e-29
5.05125e-29
-2.00799e+38
-3.26367e-14
3.88641e+31
-nan
2.01532
-nan
1.16688e-38
4.28362e+37
1.70269e+38
1906.41
1906.15
-3.39311e+38
2.62149e+33
-1.98365e-38
-1.51531e-39
4.66905e-25
-2012
3.06727
-1.00742e+36
2.3055e-38
-1.18824e+29
1.91206e+38
2.09238e-38
2.26056e-39
2.55627e+29
2.46893e+29
2.65099e+38
3.52368e-38
-5.62958e+14
5.05125e-29
5.05125e-29
-1.32921e+36
819.094    <--15
33.3638
-7.26921e+35
-1.93945
2.25811e-29
-9.5865e+23
4.17498e-24
6.8282e+09
2.05856e+06
2.05856e+06
1.6953
4.26906e-41
-1.51559e-39
-1.51531e-39
nan
1.34886e+07
1.14931e-35
9.86005e-32
-3.8943e+33
-6.33639e+29
-1.70074e-21
-9.61006e-16
3.2958e-24
-1.57578e-31
-1.57578e-31
-2.24738e+15
1.0837e-38
5.08199e-29
5.05125e-29
-2.00799e+38
-4.6703e+10
5.74457e+31
-nan
2.01532
-nan
1.19443e-38
2.12591e+37
1.70269e+38
2.79034e+09
2.7902e+09
-3.39364e+38
6.55372e+32
-1.98365e-38
-1.51531e-39
4.66905e-25
3.96797e-28
2.36266e-33
-1.00742e+36
2.3055e-38
-2.97059e+28
4.78626e+37
2.09758e-38
2.26665e-39
-215950
-214817
2.78849e+38
3.52368e-38
-5.62958e+14
5.05125e-29
5.05125e-29
-1.32921e+36
795.164    <--16
33.366
-7.26921e+35
-1.93945
2.89906e-29
-7.56325e+20
4.61452e-24
1.72225e+12
4.14602e+12
4.14602e+12
1.6953
4.23318e-41
-1.51559e-39
-1.51531e-39
nan
3079.75
1.16167e-35
9.86005e-32
-1.55772e+34
6.77438e-21
6.51593e+32
-3.87441e-06
-1.44951e-11
2.91561e-18
2.91561e-18
-2.24738e+15
1.0837e-38
5.08199e-29
5.05125e-29
-2.00799e+38
-7.7988e-09
6.01542e+32
-nan
2.01532
-nan
1.19444e-38
-1.96324e-31
1.7027e+38
7.71714e+15
7.71773e+15
-3.3942e+38
6.55372e+32
-1.98365e-38
-1.51531e-39
4.66905e-25
2.66286e-20
2.72363e-15
-1.00742e+36
2.3055e-38
-7.42632e+27
-2.64866e-38
3.77571e+37
2.27239e-39
-7.09624e-22
-7.2994e-22
2.93242e+38
3.52368e-38
-5.62958e+14
5.05125e-29
5.05125e-29
-1.32921e+36
770.121    <--17
33.3648
-7.26921e+35
-1.93945
3.76681e-29
-7.23464e+19
5.05341e-24
2.43538e+14
1.6456e+19
1.6456e+19
1.6953
4.23318e-41
-1.51559e-39
-1.51531e-39
nan
0.460899
1.15822e-35
9.86005e-32
-1.55772e+34
2.0966e+06
1.04249e+34
-67073.8
255
2.10669e-07
2.10669e-07
-2.24738e+15
1.0837e-38
5.08199e-29
5.05125e-29
-2.00799e+38
2.50324e+07
1.22844e+33
-nan
2.01532
-nan
1.18526e-38
4.28302e+37
1.7027e+38
4.14233e+22
4.14372e+22
-3.39478e+38
6.55372e+32
-1.98365e-38
-1.51531e-39
3.20855e-14
-2.30966e-38
784.932
-1.00742e+36
2.3055e-38
-4.98443e+35
-2.65089e-38
-4.37701e-10
2.27705e-39
-3.89916e+24
-4.38061e+24
3.08258e+38
3.52368e-38
-5.62958e+14
5.05125e-29
5.05125e-29
-1.32921e+36
744.113    <--18
33.3655
-7.26921e+35
-2.09766
4.16124e-29
-3.50109e+27
5.26025e-24
1.82419
1.18122e+26
1.18122e+26
1.6953
4.62779e-41
-1.51559e-39
-1.51531e-39
nan
5.4243e-05
1.1575e-35
9.86005e-32
5.87782e-39
1.44115e+17
6.04187e-36
-1.08216e+09
-2.0116e-28
-8.05121e-19
-8.05124e-19
-2.24738e+15
1.76329e-38
5.08199e-29
5.05125e-29
-2.00799e+38
-0.00302097
4.64636e+32
-nan
2.01532
-nan
1.1669e-38
-2.36829e-38
1.7027e+38
3.34848e+29
3.35332e+29
-3.39537e+38
6.55372e+32
-1.98365e-38
-1.51531e-39
4.66905e-25
-1.87382e-06
-196.207
-1.00742e+36
2.3055e-38
-1.08047e+17
1.92001e+38
2.18375e-38
2.281e-39
6.06448e+31
7.71539e+31
3.23607e+38
3.52368e-38
-5.62958e+14
5.05125e-29
5.03026e-29
-1.32921e+36
717.465    <--19
33.3654
-7.26921e+35
-1.93164
4.96982e-29
-4.01097e+29
5.64799e-24
0.943344
1.18887e+33
1.18887e+33
1.6953
4.16144e-41
-1.51559e-39
-1.51531e-39
nan
4.8991e-09
1.15757e-35    <--20
9.86005e-32
-6.38042e+37
-2.40722e-35
-3.70388e+19
-1.83392e+19
2.80376e+14
1.17777e+24
1.17778e+24
-2.24738e+15
1.09289e-38
5.08199e-29
5.05125e-29
-2.00799e+38
-1.89546e+28
5.63512e+32
-nan
2.01532
-nan
1.1669e-38
-1.1897e-37
1.7027e+38
4.88605e+36
4.89085e+36
-3.39599e+38
1.0486e+34
-1.98365e-38
-1.51531e-39
4.66905e-25
4.26058e-19
-4.67731e-05
-1.00742e+36
2.3055e-38
-1.81296e+24
1.92208e+38
9.15278e+27
2.2871e-39
1.56842e+34
1.56961e+34
4.89052e+36
1.6953
4.30493e-41
-1.51559e-39
-1.51531e-39
-7.26903e+35
-1.9082
6.07421e-29
-6.08478e+31
2.11202e+06
-2.63544e+19
1.16726e-38
-4.55479e-32
13.1825
-1.49619e-31
-2.01142e-31
1.01991
4.23318e-41
-1.51559e-39
-1.51531e-39
nan
5.31639e-07
682.596    <--21
9.84002e-32
-1.55772e+34
-2.25124e+15
-1.00014e+20
-1.88116e+27
5.14314e+11
157.47
-1.59418e-35
-1.59418e-35
1.0837e-38
5.08199e-29
5.05125e-29
-2.00799e+38
4.48621e-30
2.42598e-14
-3.27075e+38
2.01532
-nan
-1.5203e-05
-5.00379e-32
-2.07577e+31
1.82389e-37
-7.17215e+07
-7.1722e+07
6.55366e+32
-1.98365e-38
-1.51531e-39
4.66905e-25
-1.87382e-06
1.12767e-32
5.55906e+32
2.3055e-38
-1.18824e+29
1.91206e+38
-8.51785e-38
-2.36789e-38
-1.61083e-31
-9.56289e-32
-9.57367e-32
3.51816e-38
-5.62958e+14
5.05125e-29
5.05125e-29
-1.32921e+36
-3.26164e+18
-5.26524e+10
-7.26911e+35
-1.92383
-4.30377e+26
1.17359e-38
2.1253e-38
4.1067e+10
2.7994e-12
4.06925e-12
1.11855
4.23318e-41
-1.51559e-39
-1.51531e-39
nan
5.31639e-07
653.451    <--22
9.83999e-32
-9.73575e+32
-7.44816e-09
nan
-1.13785e+25
6.64299e-24
3356.52
-7.30712e-28
-7.30712e-28
1.0837e-38
5.08199e-29
5.05125e-29
-2.00799e+38
4.48621e-30
8.65512e-19
-3.27126e+38
2.01532
-nan
-2.87174e+17
-1.40844e-17
2.99737e-36
-1.30016e+35
-2.65859e-13
-2.65861e-13
6.55367e+32
-1.98365e-38
-1.51531e-39
4.66905e-25
-1.87382e-06
-3.89654e-21
6.60528e+32
2.3055e-38
-1.90121e+30
-nan
-8.51787e-38
-3.75999e-37
-215140
-6.34026e-24
-6.34855e-24
3.51909e-38
-5.62958e+14
5.05125e-29
5.05125e-29
-1.32921e+36
2.82902
-2.20807e+17
-7.26921e+35
-1.93945
3.76681e-29
-2.12446e+24
nan
1.64335e+11
51139.8
80015.2
1.22094
4.23318e-41
-1.51559e-39
-1.51531e-39
nan
3079.75
623.192    <--23
9.83998e-32
-3.8943e+33
-6.33639e+29
-9.38822e+24
-7.50163e+19
7.47098e-24
111505
-6.84502e-20
-6.84502e-20
1.0837e-38
5.08199e-29
5.05125e-29
-2.00799e+38
3.93723
2.2878e-23
-nan
2.01532
-nan
4.74104e-38
6.18687e-33
1.28493e-26
-0.391251
9.58103e-37
9.58111e-37
6.55368e+32
-1.98365e-38
-1.51531e-39
4.66905e-25
2.61173e+36
-2.34638e+25
-2.54699e+36
2.3055e-38
-7.42632e+27
1.91736e+38
1.16692e-38
8.50346e+37
-215140
-8.23257e-16
-8.24514e-16
3.52006e-38
-5.62958e+14
5.05125e-29
5.05125e-29
-1.32921e+36
-3.62294e-38
-1.01814e+36
-7.26921e+35
-1.93164
3.76681e-29
4.82098e+37
6.1394e-18
1.64406e+11
-1.45944e+19
-2.44814e+19
1.32714
4.23318e-41
-1.51559e-39
-1.51531e-39
nan
3079.75
591.827    <--24
9.86016e-32
-3.8943e+33
4.76704e-07
1.22671e-28
-2.63753e-06
8.32352e-24
5.23575e+06
-1.23167e-11
-1.23167e-11
1.0837e-38
5.08199e-29
5.05125e-29
-2.00799e+38
3.93723
3.84898e-28
-nan
2.01532
-nan
5.59723e-17
4.63003e-41
1.11454e-16
-4.70952e-36
-2.48898e+16
-2.489e+16
6.55369e+32
-1.98365e-38
-1.51531e-39
4.66905e-25
2.61173e+36
-2.06226e+28
-2.54699e+36
2.3055e-38
-7.42632e+27
-2.64866e-38
1.18529e-38
4.28296e+37
-215141
-2.11688e-07
-2.12066e-07
3.52106e-38
-5.62958e+14
5.05125e-29
5.05125e-29
-1.32921e+36
-1.0693e-17
-2.48528e+32
-7.26921e+35
-1.93164
3.76681e-29
-2.66707e-38
nan
1.64473e+11
-1.62024e+31
-2.91484e+31
1.43713
4.23318e-41
-1.51559e-39
-1.51531e-39
nan
3079.75
559.349    <--25
9.86015e-32
-3.8943e+33
0.499861
1.49486e-28
-1.85911e+19
9.17704e-24
2.40944e+08
-0.00429482
-0.00429482
1.0837e-38
5.08199e-29
5.05125e-29
-2.00799e+38
3.93723
4.70717e-33
-nan
2.01532
-nan
16520.1
1.5908e+29
9.68601e-07
6.56411e+06
5.43347e-12
5.43351e-12
6.5537e+32
-1.98365e-38
-1.51531e-39
4.66905e-25
2.61173e+36
-2.94549e-12
-2.54698e+36
2.3055e-38
-7.42632e+27
-2.64866e-38
1.1853e-38
1.04531e+34
-215141
-106.153
-106.381
3.52209e-38
-5.62958e+14
5.05125e-29
5.05125e-29
-1.32921e+36
-1.71089e-16
-2.48487e+32
-7.26921e+35
-1.93164
-3.69447e+27
-2.66947e-38
-2.31848e+36
1.64545e+11
-2.43648e-36
-4.66715e-36
1.55093
4.23318e-41
-1.51559e-39
-1.51531e-39
nan
3079.75
525.758    <--26
9.86015e-32
-3.8943e+33
0.499861
1.76308e-28
-1.35109e+16
1.00551e-23
1.15281e+10
-3.09314e+06
-3.09314e+06
1.0837e-38
5.08199e-29
5.05125e-29
-2.00799e+38
3.93723
3.74655e-38
-nan
2.01532
-nan
1.2045e+24
2.99197e-08
16896.4
7.90126e-29
-2.13904e+36
-2.13906e+36
6.55371e+32
-1.98365e-38
-1.51531e-39
4.66905e-25
2.61173e+36
7848.66
-2.54698e+36
2.3055e-38
-7.42632e+27
-2.64866e-38
1.1853e-38
-1.5147e-36
-215141
-1.04323e+11
-1.04593e+11
3.52317e-38
-5.62958e+14
5.05125e-29
5.05125e-29
-1.32921e+36
801.251
-2.48429e+32
-7.26921e+35
-1.93164
3.56959e-29
-2.6718e-38
2.00682e-38
1.64612e+11
-1.65697e-28
-3.36954e-28
1.66851
4.23318e-41
-1.51559e-39
-1.51531e-39
nan
213064
491.057    <--27
9.86015e-32
-3.8943e+33
0.499861
2.01551e-28
-8.50066e+16
1.08818e-23
5.19224e+11
-4.09633e+15
-4.09633e+15
1.0837e-38
5.08199e-29
5.05125e-29
-2.00799e+38
9.79671e+09
-7.65633e+29
-nan
2.01532
-nan
-4.79721e-35
9.7095e+24
3.16666e+14
7.53523e-35
28323.2
28323.4
6.55373e+32
-1.98365e-38
-1.51531e-39
4.66905e-25
3.96797e-28
-1.24278e-16
-2.54698e+36
2.3055e-38
-7.42632e+27
1.91736e+38
1.18531e-38
-1.51466e-36
-215141
-1.99833e+20
-2.0047e+20
3.52427e-38
-5.62958e+14
5.05125e-29
5.05125e-29
-1.32921e+36
-2.58898e-24
6.33009e-25
-7.26911e+35
-1.93164
-3.69447e+27
1.93522e+38
1.98637e-38
1.64683e+11
1.7604e-22
3.79029e-22
1.78991
4.23318e-41
-1.51559e-39
-1.51531e-39
nan
213064
455.244    <--28
9.86015e-32
-1.55772e+34
2.0966e+06
2.50063e-28
-4.08144e+16
1.17608e-23
1.8112e+13
-1.09491e+25
-1.09491e+25
1.0837e-38
5.08199e-29
5.05125e-29
-2.00799e+38
9.79671e+09
-1.03001e+19
-3.28762e+38
2.01532
-nan
-2.21232e-16
-3.5323e+13
1.23253e+24
3.73126e-07
5.84388e-30
5.84394e-30
6.55374e+32
-1.98365e-38
-1.51531e-39
4.66905e-25
3.96797e-28
5.05241e+32
-2.58852e+36
2.3055e-38
-2.97059e+28
1.91793e+38
1.18531e-38
-1.87971e-37
-215142
-7.29578e+29
-7.32572e+29
3.52541e-38
-5.62958e+14
5.05125e-29
5.05125e-29
-1.32921e+36
-0.000764133
-6.22968e-39
-7.26911e+35
-1.93164
-3.69447e+27
-2.67622e-38
1.94454e-38
1.6475e+11
7.28392e-19
1.66108e-18
1.9151
4.23318e-41
-1.51559e-39
-1.51531e-39
nan
213064
418.319    <--29
9.86008e-32
-1.55772e+34
2.0966e+06
2.97395e-28
-1.35813e+16
1.26389e-23
3.82152e+14
-5.90538e+34
-5.90538e+34
1.0837e-38
5.08199e-29
5.05125e-29
-2.00799e+38
9.79671e+09
-6.42123e+07
-nan
2.01532
-nan
-255.064
4.55828e-41
1.0425e+34
7.21731e+18
5.44004e+11
5.4401e+11
6.55375e+32
-1.98365e-38
-1.51531e-39
4.66905e-25
3.96797e-28
-4.63206e-05
2.6218e+33
2.3055e-38
-2.97059e+28
1.91793e+38
1.18532e-38
8.50397e+37
-215142
4.56145e-38
4.55515e-38
3.50822e-38
-5.62958e+14
5.05125e-29
5.05125e-29
-1.32921e+36
-5.80786e+28
1.82317e-07
-7.26911e+35
-1.98633
-1.39153e+36
-2.67776e-38
5.65021e-24
1.64798e+11
-4.3675e-20
-2.82954e-20
0.521958
4.41255e-41
-1.51559e-39
-1.51531e-39
nan
0.000515982
380.43    <--30
9.8402e-32
-6.38042e+37
-2.09343
3.21855e-28
-1.57917e+25
1.31061e-23
2924.52
4.79167e-33
4.79167e-33
1.12962e-38
5.06843e-29
5.05125e-29
-2.00799e+38
9.79671e+09
-0.000227806
-nan
2.01532
-2.47932e+36
-8.79472e+12
1.03795e-25
-2.35277e-38
1.05026e+08
-7.19833e+32
-7.19828e+32
6.71085e+35
-1.98365e-38
-1.51531e-39
3.20855e-14
-0.00767517
-2.60008e-21
1.10166e+33
2.3055e-38
-2.76612e+19
-nan
1.16695e-38
-2.36808e-38
-215142
5.43599e-28
5.4296e-28
3.50942e-38
-5.62958e+14
5.05125e-29
5.05125e-29
-1.32921e+36
-1.32349e+22
-4.4494e-11
-7.26911e+35
-1.89258
-2.67477e+20
1.93917e+38
2.19971e-38
9826.37
1.43997e+26
4.546e+25
0.587556
4.12556e-41
-1.51559e-39
-1.51531e-39
nan
5.67319e+09
341.761    <--31
9.84016e-32
-2.49235e+35
-2.52388e-29
3.68392e-28
-5.447e+28
1.46302e-23
25335.1
7.2835e-23
7.2835e-23
1.0837e-38
5.08199e-29
5.05125e-29
-2.00799e+38
9.79671e+09
-4.2631e-16
-3.2829e+38
2.01532
-nan
-6.33755e+29
-6.04224e-36
-8.23569e-28
2.41638e+33
-1.32083e+37
-1.32083e+37
3.52362e-38
-5.62958e+14
5.05125e-29
5.05125e-29
2.3055e-38
3.41544e-38
1.61513e+33
2.3055e-38
-1.18824e+29
1.91206e+38
1.15777e-38
-2.36809e-38
-1.53272e+28
1.13994e-17
1.13916e-17
1.68858
4.30493e-41
-1.51559e-39
-1.51531e-39
-7.26903e+35
-2.04892e+09
-2.35456e-33
-6.08478e+31
2.11202e+06
-2.63544e+19
1.94059e+38
2.1285e-38
1.64931e+11
-1.82673e-10
-1.52508e-10
0.655016
4.23318e-41
-1.51559e-39
-1.51531e-39
nan
5.31639e-07
301.981    <--32
9.84012e-32
-9.73575e+32
-7.44816e-09
4.21265e-28
-1.07354e+27
1.63879e-23
491075
8.68776e-27
-2.24737e+15
1.18472e-38
5.08199e-29
5.05125e-29
-2.00799e+38
4.48621e-30
-3.76041e-28
-0.828129
2.3148e+18
-1.34735e-20
-1.23993e+29
7.02638e+37
2.10728e-12
-8.62035e-38
2.11223e-12
-3.70334e-38
-3.24188e-38
-4.45445e-39
-1.51531e-39
4.66905e-25
-1.87382e-06
-1.67282e+28
2.20356e+12
281.674
-1.89617e+30
-2.63188e-38
1.59331e+38
7.44379e-27
-7.21875e+24
1.6813e-26
3.44193e+06
4.56733e-07
4.56733e-07
5.05125e-29
5.05125e-29
-1.32921e+36
3.30934e+09
-2.48498e+32
-2.73843e-34
-1.93479
4.96982e-29
-4.01097e+29
9.03679e-23
4.07209e+31
-2.30974e-13
2.79889e+24
9.18267e+29
9.18266e+29
-1.51537e-39
-1.51531e-39
nan
3079.75
542.692    <--33
-4.67971e-32
1.81795e+33
-7.44816e-09
nan
-1.13785e+25
1.2825e-23
9.79808e+14
8.68786e-27
0.119772
0.119747
5.05826e-29
5.05125e-29
-2.00799e+38
3.93723
2.59263e-34
9.51871e+24
-1.31184e+10
-nan
1.18527e-38
1.71391e+38
1.18576e+34
2.13923e-38
2.11317e-12
-3.74309e-38
-3.57249e-38
-6.10751e-39
-1.51531e-39
4.66905e-25
2.61173e+36
-2.94549e-12
-2.54698e+36
240.227
-1.18825e+29
1.91206e+38
1.15777e-38
8.83177e-27
-1.08661e+23
1.85284e-26
2.95015e+07
37959.1
37959.1
5.05125e-29
5.05125e-29
-1.32921e+36
3.30934e+09
-2.48498e+32
1.0454e+23
-1.94392
2.13978e-29
4.85058e+37
4.44001e-07
5.02027e-19
-0.00396918
-4.67549e-28
-7.41015e-10
-7.41015e-10
-1.51539e-39
-1.51531e-39
nan
213064
399.44    <--34
4.12726e-25
-8.04251e+33
2.65772e+36
-1.74156e-18
-1.79443e+16
8.68777e-27
-9.91087e-38
8.68787e-27
1.41802e+10
1.4181e+10
5.06109e-29
5.05125e-29
-2.00799e+38
9.79671e+09
-94340.6
-8.5697e-16
-48.8285
-nan
-2.09415e+34
-1.1897e-37
-1.07453e-37
nan
2.11406e-12
-1.706e+37
-1.76945e+37
-7.80506e-39
-1.51531e-39
4.66905e-25
2.61173e+36
-8.7942e+17
-2.54699e+36
197.672
-1.85173e+27
-2.64379e-38
1.61892e-18
1.01479e-26
-6.1414e+22
-2.74183e+13
1.22335e+09
6.20478e+15
6.20478e+15
5.05125e-29
5.05125e-29
-1.32921e+36
3.30934e+09
-2.48498e+32
0.00167158
-0.963902
2.37644e-29
-8.55799e-38
1.94789e+09
-6.91163e+17
-6.64523e+07
-0.104282
6.72209e+25
6.7221e+25
-1.51542e-39
-1.51531e-39
nan
3079.75
542.692    <--35
-5.35404e+34
1.97006e+33
-6.33639e+29
-9.38822e+24
-3.41903e+24
1.2825e-23
-9.46913e-38
-2.00434e+13
3.17852e+21
3.17999e+21
5.06399e-29
5.05125e-29
-2.00799e+38
3.93723
2.59263e-34
3.80748e+25
-49957
-nan
-2.09415e+34
-3.13224e+27
1.18741e+34
2.07495e-38
-2.48866e+16
-1.05395e+33
-1.17619e+33
-9.54745e-39
-1.51531e-39
4.66905e-25
2.61173e+36
-2.94549e-12
-2.54698e+36
154
-1.85173e+27
-2.64379e-38
1.61892e-18
7.13129e-28
-9.51877e+18
5.21195e-33
2.67145e+10
1.93839e+27
1.93839e+27
5.05125e-29
5.05125e-29
-1.32921e+36
3.30934e+09
-2.48498e+32
5.73417e-30
-0.963978
2.37644e-29
-8.55799e-38
2.03139e-38
7.96857e+35
-2.85415e+17
-6.50636e+23
-8.18675e-19
-8.18676e-19
-1.51544e-39
-1.51531e-39
nan
3079.75
542.692    <--36
-5.71826
2.19315e+33
1.63879e-23
491075
4.69149e+21
1.2825e-23
9.16602e+37
4.79168e-33
1.32156e+33
1.32305e+33
-1.9879e-38
-1.51531e-39
-1.92074e+38
2.01532
-4.36117e-22
-2.08824e-19
-6.47805e+37
-nan
-1.5203e-05
-5.00379e-32
-1.07591e-37
-8.74641e-35
-35299.5
1.5843e+25
1.89962e+25
-1.13336e-38
-1.51531e-39
4.66905e-25
4.26058e-19
-4.67731e-05
-1.00742e+36
109.277
-2.97063e+28
-nan
1.15777e-38
1.24703e-26
-3.82698e+23
5.54928e-33
1.05247e+11
-7.94389e-39
-7.94389e-39
5.05125e-29
5.06743e-29
-1.32921e+36
819.094
33.3638
-470
-0.964283
1.00087e-29
-1.16368e+29
1.24872e+36
9.94367e+09
-1.96497e+25
-1.32083e+37
1.09188e+06
1.09189e+06
-1.51547e-39
-1.51531e-39
nan
4.00471e-11
1.15537e-35    <--37
1.78507e-13
2.14244e+33
1.63879e-23
491075
4.69149e+21
8.53404e-24
1.74041e+07
2.68002e-20
-9.35629e-33
-9.36676e-33
5.07001e-29
5.05125e-29
-2.00799e+38
5.85651e-10
4.67171e+32
-6.81036e-18
-8.35745e+11
-1.34734e-20
-1.23993e+29
-1.04701e+30
-1.07648e-37
2.11979e-38
-1.32042e+37
13.2024
17.907
-1.3156e-38
-1.51531e-39
4.66905e-25
4.26058e-19
-4.67731e-05
-1.00742e+36
63.67
8.60437e+37
-215142
nan
8.67513e-28
-5.46391e+21
2.57809e-20
9.06758e+11
-1.00762e-26
-1.00762e-26
5.05125e-29
5.05125e-29
-1.32921e+36
696.752
33.365
1.81225e+10
-4.53468e-38
1.64947e+11
-6.21869e+28
-3.03847e-30
2.95571e-32
-1.02743e+33
1.8689e-36
3.29256e+11
3.29258e+11
-1.5155e-39
-1.51531e-39
nan
4.00471e-11
1.15537e-35    <--38
7.71502e-15
2.31481e+33
1.63879e-23
491075
-nan
1.15779e-38
5.23574e+06
8.68792e-27
-1.20876e-20
-1.2103e-20
5.07311e-29
5.05125e-29
-2.00799e+38
5.85651e-10
4.67171e+32
2.31744e+21
-1.43075e+22
-1.34734e-20
-1.23993e+29
-1.04701e+30
1.27153e-16
nan
2.11728e-12
1.10491e+36
1.6977e+36
-1.50135e-38
-1.51531e-39
4.66905e-25
4.26058e-19
-4.67731e-05
-1.00742e+36
17.2443
8.6349e+37
-215142
-2.06695
8.33038e-28
-4.15989e+33
2.41828e-26
1.97636e+12
-1.63934e-14
-1.63934e-14
1.00581e-28
5.05125e-29
-1.32921e+36
-1.44341e+19
1.50566
-115.891
-3.60463e-38
1.64947e+11
0.196227
3.53162e+13
-4.7873e-07
-1.74493e+10
-3.15173e+22
4.50374e+35
4.39773e+32
-1.70804e+38
-1.72192e-38
1.20387e-38
1.20306e-38
2.62503    <--39
2.06998e-27
2.28554e-16
1.63877e-23
491075
1.12729e-38
1.2037e-38
-9.76201e-38
8.68787e-27
-1.06698e-08
-9.87762e-09
1.1727e-38
-1.04912e+06
-2.01075e+38
-2.41733e-35
7.13448e-15
-9.45086e+21
-7.27642e-35
-1.34471e-20
-1.23993e+29
4.99092e+35
-1.71709e-36
2.05306e-38
2.11245e-12
-5.34181e+07
-1.36196e-06
nan
-1.56084e-39
6.38481e-25
1.25817e-38
1.25817e-38
1.95156e-39
-25.0922
31.7748
-215142
-2.9732
3.83389e-28
-215142
2.68168e-20
745968
-0.00281878
-0.00233049
1.00581e-28
4915.69
-6.18895e-33
-6.18893e-33
3.88056e-26
3.44147e-32
-1.25774e+33
1.64946e+11
0.196227
-2.20719e+12
2.42774e+24
6.6134e+37
-2.20641e-15
1.98846e+36
4.10864e+11
-1.70804e+38
-1.60783e-23
1.27735e-38
1.27653e-38
2.62503    <--40
-0.000595094
3.62253e-34
1.63634e-23
491075
1.11811e-38
1.24041e-38
33736.3
-7.32572e+29
-298.532
-228.764
1.17332e-38
-1.3885e-17
-2.91339e-32
-2.47565e-32
7.13557e-15
-9.86716e-32
0.00148264
-1.02641e-20
-1.23993e+29
1.24773e+35
-4.38118e-34
8.2012e-38
6.09252e-27
-3.63999e-35
4.18437e+08
nan
-1.56084e-39
6.38481e-25
1.27653e-38
1.27653e-38
1.95156e-39
-62.0142
26.6579
-215142
-2.9732
1.97217e-28
-1.26102e+19
-4.02903e-26
0.333173
-1.3618e+07
-9.29256e+06
1.00581e-28
4916.44
-9.90292e-32
-2.47565e-32
3.88056e-26
-3.82339e-31
-35686.8
1.64946e+11
0.0490568
2.31434e+18
4.25301e-22
2.96555e-06
2.26169e+25
-1.28086e+29
-8.96174e-17
-1.70805e+38
-1.64919e-23
1.28653e-38
1.28572e-38
2.62503    <--41
2.24301e+14
3.95165e+13
1.63634e-23
491075
1.10892e-38
1.28632e-38
-9.6149e-38
-6.88978e-26
-2.47203e+11
-1.57649e+11
1.17385e-38
-1.35596e-20
-1.16536e-31
-9.90289e-32
7.13579e-15
9.90994e+27
4.59667e+23
-1.02517e-20
-1.23993e+29
3.11926e+34
-4.47297e-31
5.24169e-36
-2.64833e-13
-1.70707e-07
1.87978e+15
nan
-1.56084e-39
6.3848e-25
1.28572e-38
1.28572e-38
1.95156e-39
-94.2249
18.4565
-215142
-2.95758
1.12809e-28
-8.14259e+18
-2.71636e-26
3.49404e-07
-1.925e+15
-1.08124e+15
1.00581e-28
4915.69
-9.90292e-32
-9.90289e-32
3.88056e-26
-1.21229e+07
nan
1.64946e+11
0.0490568
-2.60564e+33
-2.15686e+09
-2.10943e+34
3.97821e-12
-4.83435e+14
3.31568e+25
-1.70805e+38
-1.61817e-23
1.28653e-38
1.28572e-38
2.62503    <--42
2.45908e+38
3.98027e-09
1.63632e-23
491075
1.09974e-38
1.33222e-38
-9.61481e-38
-9.57366e-32
-6.16763e+18
-3.25826e+18
1.19265e-38
-1.97349e+13
3.07739e-41
-3.551e+22
4.58589e-41
6.02138e-42
