988.3    <--0
33.57
560
-2.01953
-0
-0
6.36541e-25
4.59163e-41
0
0
1.77965e-43
1.17087e-38
1.70803e+38
1.70801e+38
1.43493e-41
2.98555e+33
2.04041e-35
9.86084e-32
3.52643e-38
-5.62963e+14
1.67132e+35
4911.98
-1.32921e+36
0
0
4.5559e-41
3.38953e+38
5.34438e-29
5.32736e-29
-3.67935e-39
2.29718e-27
1.02023e+22
6.66532e-40
1.99426
1.1709e-39
1.78144e-38
2.16625e-22
nan
1.06499e-43
0
1.16631e-38
1.70141e+38
-1.16633e-38
-1.51531e-39
8.02137e-15
7.65419e-06
4.4671e-11
6.12223e-28
-2.60591e+38
3.25216e-19
7408.12
nan
-2.01072e+38
9.02198e-41
0
1.70141e+38
0
1.70803e+38
5.05125e-29
5.05125e-29
9.78054e-39
988.3    <--1
33.3508
560.001
-1.92383
-2.49524e+27
-4.60197e+26
6.36787e-25
7.02541e-39
0
0
1.77965e-43
1.17087e-38
-1.51546e-39
-1.51531e-39
7.74658e+25
2.98587e+33
1.09033e-35
9.86806e-32
-6.08463e+31
-1.58697e+29
-4.10727e-32
2263.93
-1.32921e+36
0
0
4.5559e-41
3.38953e+38
5.06828e-29
5.05125e-29
-3.67934e-39
2.30981e-27
4.0474e+24
2.22774e-39
1.99426
5.02797e-39
2.15422e+14
-3.31886e+32
nan
1.06499e-43
0
1.16631e-38
1.70141e+38
-1.16633e-38
-1.51531e-39
8.02137e-15
2.60459e+33
-6.97984e-13
2.50766e-24
-2.60591e+38
5.20166e-18
1.07526e+37
-4.05895e+37
-2.01121e+38
2.55424e-35
2.40785e-35
1.70172e+38
3.57331e-43
1.70803e+38
5.05125e-29
5.05125e-29
9.78054e-39
988.023    <--2
33.3582
560.001
-1.61133
2.51555e-36
-1.61627e+32
6.96646e-25
4.24999e-29
2.75511e-39
2.75511e-39
9.16547e-41
1.17015e-38
-1.51582e-39
-1.51531e-39
7.74706e+25
2.36726e+33
1.13355e-35
9.86295e-32
-12288.1
-1.03701e+34
-2.4857e+27
1.56802e+20
5.42094e-20
131360
131360
2.34636e-38
3.05722e+38
5.10772e-29
5.05125e-29
-3.86301e-39
-64512.4
1.90785e+27
-nan
2.00415
-nan
1.19412e-38
6.23567e+26
nan
1.20369e-38
1.20306e-38
-3.38956e+38
3.86856e+25
-4.68365e-38
-1.51567e-39
8.02137e-15
4.16734e+34
-1.0201e+36
-2.51854e+35
6.24912e-39
-1.57223e+06
-9.99227e-38
2.20068e-38
-2.01313e+38
-4.05248e+10
-3.45789e+10
1.71226e+38
3.57331e-43
1.70803e+38
5.05125e-29
5.05125e-29
9.78054e-39
985.582    <--3
33.3528
560
-1.83789
1.13148e-33
-5.0756e+29
8.1921e-25
3.87948e-22
3.21433e-38
3.21433e-38
9.16547e-41
1.17026e-38
-1.51546e-39
-1.51531e-39
7.74658e+25
8.35481e+32
1.11019e-35
9.8599e-32
-8.64696e+17
5.62261e+14
1.14124e-13
-5.24725e-35
-1.15291e+18
-1.09797e-19
-1.09797e-19
2.34636e-38
3.15027e+38
5.06828e-29
5.05125e-29
-3.67934e-39
-1.34405e+16
4.04782e+27
-nan
2.00415
-nan
1.19422e-38
1.75176e+13
nan
1.19127e-37
1.19025e-37
-3.38964e+38
6.1897e+26
-4.68365e-38
-1.51567e-39
8.02137e-15
-2.98992e-08
-4.46696e-11
-2.51854e+35
6.24912e-39
-3.5736e-07
-1.0163e-37
1.5971e+38
-2.0151e+38
-2.54458e-06
-1.94775e-06
1.73745e+38
3.57331e-43
1.70803e+38
5.05125e-29
5.05125e-29
9.78054e-39
980.61    <--4
33.3534
560
-1.76758
1.84888e-32
-7.59215e+26
1.05654e-24
3.31966e-10
6.4656e-37
6.4656e-37
9.16547e-41
1.17019e-38
-1.51546e-39
-1.51531e-39
7.74658e+25
1.20588e+32
1.10109e-35
9.8599e-32
-2.21362e+20
1.08317e-19
0.000122551
-3.78019e-12
-5.68426e-14
1.66702e-27
1.66701e-27
2.34636e-38
3.13698e+38
5.06828e-29
5.05125e-29
-3.67934e-39
1.33694e+07
4.23771e+26
-nan
2.00415
-nan
1.18509e-38
-1.51556e-36
nan
5.17747e-36
5.17262e-36
-3.38978e+38
6.1897e+26
-1.16633e-38
-1.51531e-39
8.02137e-15
128.416
1.17095e-05
-2.51854e+35
6.24912e-39
-3.48971e-10
-1.02695e-37
8.58016e-38
-2.01708e+38
-1.13583e-05
-7.97003e-06
1.77738e+38
3.57331e-43
1.70803e+38
5.05125e-29
5.05125e-29
9.78054e-39
973.112    <--5
33.3548
560
-1.72852
1.13244e-31
-6.46058e+27
1.29566e-24
261
6.13235e-35
6.13235e-35
9.16547e-41
1.17019e-38
-1.51546e-39
-1.51531e-39
7.74658e+25
7.20775e+30
1.10267e-35
9.8599e-32
-2.21362e+20
5.62389e+14
-1.59085e+29
-2.70033e+11
3.24514e+32
-4.59532e-19
-4.59529e-19
2.34636e-38
3.13698e+38
5.06828e-29
5.05125e-29
-3.67934e-39
6.36936e-23
1.16823e+26
-nan
2.00415
-nan
1.18513e-38
-1.84348e-37
nan
1.0671e-33
1.06548e-33
-3.38998e+38
6.1897e+26
-1.16633e-38
-1.51531e-39
8.02137e-15
2.78458e-17
-2.30918e-36
-2.51854e+35
6.24912e-39
-1.42947e-06
-1.0347e-37
3.72317e+31
-2.019e+38
-2.2587e+11
-1.47984e+11
1.83195e+38
3.57331e-43
1.70803e+38
5.05125e-29
5.05125e-29
9.78054e-39
963.087    <--6
33.3552
560
-1.71289
4.37568e-31
-3.13569e+24
1.54123e-24
2.27049e+14
2.56232e-32
2.56232e-32
9.16547e-41
1.17019e-38
-1.51546e-39
-1.51531e-39
7.74658e+25
1.78573e+29
1.09827e-35
9.8599e-32
-9.06699e+23
1.00894e-28
-5.51938e+11
-1.9691e+28
-2.06792e-25
35.0648
35.0645
2.34636e-38
3.23002e+38
5.06828e-29
5.05125e-29
-3.77117e-39
3.71549e+16
1.14294e+25
-nan
2.00415
-nan
1.1576e-38
4.31825e+37
nan
7.90476e-31
7.89186e-31
-3.39023e+38
-2.35099e-38
-1.16633e-38
-1.51531e-39
3.20855e-14
-512.664
6.19831e-28
-2.51854e+35
6.24912e-39
3.10276e-25
4.688e+37
-3.90893e+34
-2.01957e+38
-0.044086
-0.0348483
1.89732e+38
3.57331e-43
1.70803e+38
5.05125e-29
5.05125e-29
3.90306e-39
951.695    <--7
33.3625
560
-2.05078
5.73157e-31
-1.31837e+32
1.58657e-24
9.0301e-06
2.54531e-29
2.54531e-29
9.16547e-41
1.17072e-38
-1.51546e-39
-1.51531e-39
2.27652e-13
3.32621e+27
1.14275e-35
9.8599e-32
-5.66687e+22
9.21588e+18
-9.94162e+27
-5.4201e+36
-8.47021e-22
3.90083e+10
3.90081e+10
2.34636e-38
3.16356e+38
5.06828e-29
5.03026e-29
-3.67934e-39
2.03653e+22
3.75902e+32
-nan
2.00415
-nan
1.15761e-38
1.70103e+38
nan
1.09955e-27
1.09855e-27
-3.3905e+38
1.54743e+26
-4.68365e-38
1.92079e+38
8.02116e-15
32810.5
-9.95969e+32
-2.51854e+35
6.24912e-39
-4.53239e+23
-1.04058e-37
2.23071e-38
-2.02092e+38
6.12074e-25
4.78505e-25
1.96846e+38
3.57331e-43
1.70803e+38
5.05125e-29
5.05125e-29
3.90306e-39
939.016    <--8
33.3633
560
-1.98633
1.20794e-30
-1.22488e+22
1.85512e-24
0.364258
5.65795e-26
5.65795e-26
9.16547e-41
1.17047e-38
-1.51546e-39
-1.51531e-39
2.27652e-13
3.45465e+25
1.14007e-35
9.8599e-32
-9.73561e+32
-9.44181e+21
-2.65724e-23
2.10827e-25
0.999986
4.65464e-31
4.65462e-31
2.34636e-38
3.23002e+38
5.06828e-29
5.05125e-29
-3.67934e-39
3.25099e-38
1.57083e+31
-nan
2.00415
-nan
1.15763e-38
-1.88028e-37
nan
4.0135e-24
4.00914e-24
-3.39081e+38
2.5353e+30
-1.16633e-38
1.92074e+38
8.02116e-15
-1.47765e+20
-1.0198e+36
-2.51854e+35
6.24912e-39
-4.22043e+14
1.88917e+38
-nan
-2.02227e+38
7.34122e-07
5.74467e-07
2.04977e+38
3.57331e-43
1.70803e+38
5.05125e-29
5.05125e-29
3.90306e-39
924.589    <--9
33.3645
560
-1.9082
2.3296e-30
-4.61139e+28
2.19069e-24
76544
3.60831e-22
3.60831e-22
9.16547e-41
1.17036e-38
-1.51546e-39
-1.51531e-39
2.27652e-13
2.04722e+23
1.14747e-35
9.8599e-32
-3.89424e+33
2.25117e+15
-2.15594e+09
9.49453e-10
1.32347e-23
-4.85494e-31
-4.85492e-31
2.34637e-38
3.21673e+38
5.06828e-29
5.05125e-29
-3.67934e-39
3.70621e-11
1.29354e+31
-nan
2.00415
-nan
1.16683e-38
-1.85824e-37
nan
4.30493e-20
4.30128e-20
-3.39116e+38
2.5353e+30
-1.16633e-38
1.92074e+38
8.02116e-15
-5.91061e+20
-1.6635e-19
-2.51854e+35
6.24912e-39
-4.32198e+17
1.89493e+38
nan
-2.02362e+38
1.66341e-25
1.30125e-25
2.14121e+38
3.57331e-43
1.70803e+38
5.05125e-29
5.03026e-29
3.90306e-39
908.416    <--10
33.3639
560
-1.87695
4.16616e-30
-1.07354e+27
2.52673e-24
3.0954e+09
6.4276e-18
6.4276e-18
9.16547e-41
1.17036e-38
-1.51546e-39
-1.51531e-39
2.27652e-13
6.20002e+20
1.15085e-35
9.8599e-32
-6.08476e+31
-127.949
-9.7095e+24
4.17791e+06
-0.0156248
-1.10605e+10
-1.10604e+10
2.34637e-38
3.20344e+38
5.06828e-29
5.05125e-29
-3.67934e-39
-2.30906e+26
4.41355e+31
-nan
2.00415
-nan
1.18521e-38
-1.88012e-37
nan
1.32761e-15
1.32638e-15
-3.39154e+38
2.5353e+30
-1.16633e-38
-1.51531e-39
8.02137e-15
-9.91637e+27
-12567.9
-2.51854e+35
6.24912e-39
-1.85658e+27
-2.62427e-38
-3.62875e-34
-2.02471e+38
-1.23106e-05
2.88397e+38
5.05125e-29
5.05125e-29
-9.72793e+24
4.16912e-08
4.17233e-08
2.09037e-38
899.676    <--11
33.3633
2.88925e-34
-1.88184
-2.26841e-35
-8.51712e+29
-6.98599e-10
-6.2096e-10
7.50694e+14
-1.51546e-39
-1.51546e-39
1.75872e-38
3.35084e-08
4.17233e-08
886.116
9.14749e+27
1.14343e-35
9.8599e-32
-6.06591e+29
-8.90818e+30
3.06255e-12
0.450256
4.92192e-12
4.92192e-12
5.06833e-29
5.06835e-29
-1.01613
2.31639e-29
5.05121e-29
2.49257e+17
-7.82595e+06
3.14167e+31
-9.68138e+27
3.94194e-31
5.38953e+08
4.68514e+18
6.3303e-08
-2.60341e-06
-2.60341e-06
4.55888e-25
-3.39073e+38
1.01412e+31
-1.16633e-38
1.92074e+38
3.4745e-12
-2.75855e+28
-12567.9
-2.51854e+35
-nan
1.16685e-38
1.07109e+37
-3.62877e-34
1.47888e-09
1.47841e-09
6.54471e-36
1.84789e+38
3.57331e-43
1.70803e+38
5.05125e-29
-1.48467e-08
-4.1579e-20
908.416    <--12
33.3639
-2.52201e+18
-0.559479
-8.92636e-38
-8.53782e+29
-9.42009e+26
-8.65217e+26
3.28629e-38
3.21433e-38
9.16547e-41
1.17026e-38
-1.51546e-39
-1.51531e-39
866.829
2.85281e+21
1.15019e-35
-1.96857
1.02552e-29
-1.23796e+27
3.43178e-12
622.124
2312
6.74659e-07
-0.651354
2.34637e-38
3.21673e+38
5.06828e-29
5.05125e-29
2.64018e+14
-7.82762e+06
3.14167e+31
-nan
1.51074e+23
1.48155e+20
2.11704e+34
-5.75737e-20
3.14957e+12
3.14957e+12
4.55889e-25
-3.39073e+38
1.01412e+31
-1.16633e-38
-1.51531e-39
1.02186e-17
-1.86671e+28
-12567.9
-2.51854e+35
-nan
1.16687e-38
-9.47255e-38
-3.62878e-34
0.000294268
0.000294161
1.30237e-25
2.14121e+38
3.57331e-43
1.70803e+38
5.05125e-29
5.05207e+30
-6.52423e+37
928.351    <--13
33.3642
560
1.90817e+38
2.17456e-38
-8.54285e+29
-9.73063e+26
-9.08739e+26
4.07493e-17
9.0268e-17
9.16547e-41
1.17036e-38
-1.51546e-39
1.92069e+38
845.823
2.85281e+21
1.15019e-35
-1.89826
1.6073e-29
-3.32157e+28
3.96466e-12
4.40831e+06
0.19848
0.19848
-1.10604e+10
2.34637e-38
3.20344e+38
5.06828e-29
5.05125e-29
1.57792e+11
-1.80372e+22
4.89763e+30
-nan
-1.91131e-06
-2.78649e-17
-7.46249e-28
-4.67093e+12
-7.17894e-07
-7.17893e-07
9.0267e-17
-3.39144e+38
6.33825e+29
-1.16633e-38
-1.51531e-39
-8.47323e-13
-3.82627e+28
-12567.9
-2.51854e+35
6.24912e-39
1.18524e-38
8.4708e+37
-3.62879e-34
170.301
170.262
-1.14988e-31
1.98782e+38
3.57331e-43
1.70803e+38
5.05125e-29
5.19491e+33
2.30761e-36
935.57    <--14
33.3618
-1.18825e+29
4.77899e+37
2.12043e-38
-8.54691e+29
-2.86482e-15
-2.74299e-15
3.99158e-26
5.65795e-26
9.16435e-41
1.17047e-38
-1.51546e-39
-1.51531e-39
823.235
3.45231e+25
1.14007e-35
-1.94514
2.16936e-29
-7.40827e+22
4.50517e-12
1.11175e+09
175393
175393
-1.15207e-31
2.34611e-38
3.24332e+38
5.06828e-29
5.05125e-29
5.71991e+07
1.32162e-11
4.38186e+31
-nan
-6.05718e+23
-6.36283e+29
-3.52428e-18
-7.29833e+10
-1.20828e-05
-1.20828e-05
5.65791e-26
-3.28431e+38
4.05648e+31
-1.16633e-38
-1.51531e-39
-1.31721e+20
6.94884e+31
-12567.9
-2.51854e+35
6.24912e-39
1.18525e-38
1.92565e+25
-3.62879e-34
2.13193e+08
2.13178e+08
-1.15018e-31
7.58294e+32
3.57331e-43
1.70803e+38
5.05125e-29
2.22156e-16
1.08961e-14
920.709    <--15
33.3633
560
-2.64472e-38
nan
-8.5502e+29
-9.87944e+23
-9.81797e+23
4.19858e-26
5.65795e-26
9.16421e-41
1.17047e-38
-1.51546e-39
-1.51531e-39
799.514
3.45238e+25
1.14007e-35
-1.94514
2.74129e-29
-2.98841e+21
1403.94
2.73804e+11
2.97045e+11
2.97045e+11
-1.15207e-31
2.34604e-38
3.24332e+38
5.06828e-29
5.05125e-29
13967.4
-1.82324e+22
4.89763e+30
-4.06067e+34
1.0337e-25
-9.66699e-35
-6.10032e-08
-2.147e+09
7.94263e-07
7.94263e-07
5.65792e-26
-3.27102e+38
4.05648e+31
-1.16633e-38
-1.51531e-39
-2.65919e+09
2.07151e+33
9.45627e-33
-2.51854e+35
6.24912e-39
1.18526e-38
-1.87999e-37
-nan
5.10901e+14
5.10929e+14
-1.1505e-31
7.58294e+32
3.57331e-43
1.70803e+38
5.05125e-29
-7.89258e-31
-3.96349e-26
920.71    <--16
33.3633
560
-2.64795e-38
nan
-9.74171e+29
-1.15794e-17
-1.18524e-17
4.41536e-26
5.65795e-26
9.16421e-41
1.17047e-38
-1.51546e-39
-1.51531e-39
774.68
2.04783e+23
1.14747e-35
9.8599e-32
3.58934e-29
-3.83696e+21
1531.92
7.00938e+13
1.03747e+18
1.03747e+18
-1.15207e-31
2.34604e-38
3.24332e+38
5.06828e-29
5.05125e-29
2.29825
-1.81367e+22
4.89763e+30
-4.06067e+34
31.9916
2.59496e-26
-1019.97
9.44261e+21
8.15594e-10
8.15595e-10
5.65793e-26
-3.27102e+38
4.05648e+31
-1.16633e-38
-1.51531e-39
8.94963e+32
1.23858e+33
3.98374e+33
-2.51854e+35
-nan
1.1669e-38
-3.78744e-37
-nan
2.40444e+21
2.40521e+21
-1.15083e-31
7.58294e+32
3.57331e-43
1.70803e+38
5.05125e-29
3.2328e-27
2.20944e+17
935.57    <--17
33.3618
-1.18825e+29
-2.65089e-38
2.17948e-38
-9.74462e+29
-2.45121e+17
-2.588e+17
4.642e-26
5.65795e-26
9.16435e-41
1.17047e-38
-1.51546e-39
4.17233e-08
748.796
3.45242e+25
1.14007e-35
9.93607e-32
4.18091e-29
-3.31773e+29
1619.97
1.17965e+07
6.929e+24
6.929e+24
-1.15207e-31
2.34629e-38
3.24332e+38
5.06828e-29
4.17235e-08
0.000276224
-1.81776e+22
4.89763e+30
3.76546e-34
2.19981e+12
-7.13298e-15
-1.66794e+07
-9.40184e-38
-7.43332e-28
-7.43334e-28
7.89184e-31
-3.39023e+38
-2.35099e-38
-1.16633e-38
-1.51531e-39
-8.09981e+26
7.11235e+32
6.34716e-25
-2.51854e+35
-nan
1.1669e-38
-2.36839e-38
-nan
1.87425e+28
1.87572e+28
-1.15118e-31
1.24239e+37
3.57331e-43
1.70803e+38
5.05125e-29
-8.31186e+34
-1.74271e-13
912.617    <--18
33.3629
-6.30504e+17
1.91959e+38
9.01119e-35
-9.74636e+29
3.35111e+15
4.24586e+15
1.06147e+15
-1.51546e-39
-1.51531e-39
1.75872e-38
3.35084e-08
-1.51531e-39
722.336
2.84929e+21
1.15019e-35
9.8599e-32
4.81204e-29
-1.01512e+29
1723.96
0.886718
6.38434e+31
6.38434e+31
4.65462e-31
2.34636e-38
3.23002e+38
5.06828e-29
5.05125e-29
2.64906e-08
6.93003e+16
1.14294e+25
-6.49707e+35
4.25267e+37
2.5343e-29
-7.17771e+16
4.1529e+34
0.965809
0.965812
-1.16948e-38
-1.51531e-39
-1.06162e-37
-1.40842e+26
-1.48768e-39
9.91919e-12
8.17718e+32
-1.59352e+34
-2.51854e+35
-nan
1.18527e-38
-1.28505e-37
-nan
2.4696e+35
2.47254e+35
-1.15153e-31
3.03318e+33
3.57331e-43
1.70803e+38
5.05125e-29
1.12647e+15
-3.29144e+09
908.413    <--19
33.3639
-4.75311e+29
1.92172e+38
2.65382e-14
-9.74965e+29
3092.19
4052.34
5.11478e-26
5.65795e-26
9.16435e-41
1.17047e-38
-1.51546e-39
-1.51531e-39
694.798
3.63355e+26
1.15651e-35
9.8599e-32
6.15316e-29
-4.11041e+25
1860.08
42.2499
-7.66838e-39
-7.66838e-39
-1.15207e-31
2.34604e-38
3.24332e+38
5.06828e-29
5.05125e-29
1.7006e-12
-15.3753
3.93395e+31
-6.34479e+32
-4.43938e-16
-5.51888e+11
-1.23338e+27
0.499888
1.98583e+25
1.98584e+25
5.65795e-26
-3.27102e+38
4.05648e+31
-1.16633e-38
-1.51531e-39
2.42168e-15
8.73494e+32
-1.03966e-20
-2.51854e+35
-nan
1.18528e-38
4.28414e+37
-nan
-1.272e-35
0
0
0
0
0
0
