988.3    <--0
33.57
560
-2.01953
-0
-0
6.36541e-25
4.59163e-41
0
0
1.77965e-43
1.17087e-38
1.70803e+38
1.70801e+38
1.43493e-41
2.98555e+33
2.04041e-35
9.86084e-32
3.52643e-38
-5.62963e+14
1.67132e+35
4911.98
-1.32921e+36
0
0
4.5559e-41
3.38953e+38
5.34438e-29
5.32736e-29
-3.67935e-39
2.29717e-27
1.02023e+22
6.66532e-40
1.99426
1.1709e-39
1.78144e-38
2.16625e-22
nan
1.06499e-43
0
1.16631e-38
1.70141e+38
-1.16633e-38
-1.51531e-39
8.02137e-15
7.63929e-06
4.4671e-11
6.12223e-28
-2.60591e+38
3.25216e-19
7408.12
nan
-2.01072e+38
9.02198e-41
0
1.70141e+38
0
1.70803e+38
5.05125e-29
5.05125e-29
3.90306e-39
988.3    <--1
33.3508
560.001
-1.92383
-2.49524e+27
-4.60197e+26
6.36787e-25
7.02541e-39
0
0
1.77965e-43
1.17087e-38
-1.51546e-39
-1.51531e-39
2.27652e-13
2.98587e+33
1.09033e-35
9.86806e-32
-6.08463e+31
-1.58697e+29
-4.10727e-32
2263.93
-1.32921e+36
0
0
4.5559e-41
3.38953e+38
5.06828e-29
5.05125e-29
-3.67934e-39
2.30979e-27
4.0474e+24
2.22774e-39
1.99426
5.02797e-39
2.15422e+14
-3.31886e+32
nan
1.06499e-43
0
1.16631e-38
1.70141e+38
-1.16633e-38
-1.51531e-39
8.02137e-15
-9.64214e-35
9.68648e-30
1.00307e-23
-2.60591e+38
5.07943e-21
1.07867e+37
-1.62568e+38
-2.01126e+38
4.08302e-34
3.8528e-34
1.70183e+38
3.57331e-43
1.70803e+38
5.05125e-29
5.05125e-29
3.90307e-39
987.992    <--2
33.3587
560.001
-1.5957
3.22084e-36
-1.1916e+32
6.99903e-25
3.59918e-29
3.12245e-39
3.12245e-39
9.16547e-41
1.17011e-38
-1.51582e-39
-1.51531e-39
2.27666e-13
2.33735e+33
1.13291e-35
9.86295e-32
-49152.3
2.64325e-23
0.125496
7.60945e+20
-7.70361e-34
1.34533e+08
1.34533e+08
2.34636e-38
3.05722e+38
5.10772e-29
5.05125e-29
-3.67934e-39
-276.001
8.23363e+26
-nan
2.00415
-nan
1.19412e-38
2.49426e+27
nan
1.26803e-38
1.26735e-38
-3.38956e+38
3.86856e+25
-1.16633e-38
-1.51531e-39
8.02137e-15
-2.35404e-38
-8.24026e+08
-1.00742e+36
6.24912e-39
-6.28906e+06
-9.99801e-38
-nan
-2.01318e+38
-2.68161e+15
-2.26671e+15
1.71268e+38
3.57331e-43
1.70803e+38
5.05125e-29
5.05125e-29
3.90306e-39
985.488    <--3
33.3531
560
-1.83008
1.22777e-33
-8.86375e+29
8.22441e-25
2.98447e-21
3.41637e-38
3.41637e-38
9.16547e-41
1.17026e-38
-1.51546e-39
-1.51531e-39
2.27652e-13
7.99868e+32
1.11147e-35
9.86005e-32
-5.40435e+16
1.50926e+23
-8.42087e+06
-2.11395e-34
4.39799e+12
-1.84276e-12
-1.84275e-12
2.34636e-38
3.13698e+38
5.06828e-29
5.05125e-29
-3.67934e-39
-1.98643e+11
3.73834e+27
-nan
2.00415
-nan
1.19422e-38
1.20384e+24
nan
1.29417e-37
1.29311e-37
-3.38964e+38
6.1897e+26
-4.68365e-38
-1.51567e-39
8.02137e-15
-1.82135e-12
2.43204e+29
-1.00742e+36
6.24912e-39
-5.71788e-06
-1.01665e-37
1.59684e+38
-2.01516e+38
-11022.6
-8369.5
1.73828e+38
3.57331e-43
1.70803e+38
5.05125e-29
5.05125e-29
3.90306e-39
980.453    <--4
33.3533
560
-1.77539
1.94518e-32
-7.46518e+25
1.05649e-24
2.52476e-09
6.9652e-37
6.9652e-37
9.16547e-41
1.17019e-38
-1.51546e-39
-1.51531e-39
2.27652e-13
1.13576e+32
1.10177e-35
9.86005e-32
-2.21362e+20
2.83938e-14
-2.4749e-32
-1.51208e-11
2.16837e-19
4.58485e-16
4.58482e-16
2.34636e-38
3.13698e+38
5.06828e-29
5.05125e-29
-3.67934e-39
0.718753
5.05978e+26
-nan
2.00415
-nan
1.19427e-38
-6.06214e-36
nan
5.67131e-36
5.66634e-36
-3.38979e+38
6.1897e+26
-1.16633e-38
-1.51531e-39
8.02137e-15
1.82135e-12
1.1167e-11
-1.00742e+36
6.24912e-39
-1.39591e-09
-1.02718e-37
3.45129e-37
-2.01713e+38
-8.05413e+08
-5.61218e+08
1.77857e+38
3.57331e-43
1.70803e+38
5.05125e-29
5.05125e-29
3.90306e-39
972.892    <--5
33.3547
560
-1.73633
1.18636e-31
-5.37738e+27
1.30212e-24
1996
7.07276e-35
7.07276e-35
9.16547e-41
1.17019e-38
-1.51546e-39
-1.51531e-39
2.27652e-13
6.60905e+30
1.10253e-35
9.86005e-32
-2.21362e+20
9.21419e+18
3.95996e-31
-1.06725e+12
-1.23792e+27
-0.0020711
-0.00207108
2.34636e-38
3.13698e+38
5.06828e-29
5.05125e-29
-3.67934e-39
1.19889e-32
1.28912e+26
-nan
2.00415
-nan
1.19431e-38
-1.84349e-37
nan
1.23565e-33
1.23401e-33
-3.38999e+38
6.1897e+26
-1.16633e-38
-1.51531e-39
8.02137e-15
1.52461e-41
-2.47946e-27
-1.00742e+36
6.24912e-39
-1.42947e-06
-1.03487e-37
5.80236e+29
-2.01905e+38
-2.62223e+29
-1.70759e+29
1.83351e+38
3.57331e-43
1.70803e+38
5.05125e-29
5.05125e-29
3.90306e-39
962.804    <--6
33.3551
560
-1.7207
4.46812e-31
-2.17609e+26
1.54123e-24
1.73723e+15
3.17862e-32
3.17862e-32
9.16547e-41
1.17019e-38
-1.51546e-39
-1.51531e-39
2.27652e-13
1.57272e+29
1.09685e-35
9.86005e-32
-1.45072e+25
1.009e-28
-6.67252e+35
-1.96904e+28
-5.42094e-20
6.47407e+20
6.47402e+20
2.34636e-38
3.25661e+38
5.06828e-29
5.05125e-29
-3.77117e-39
446465
1.92875e+25
-nan
2.00415
-nan
1.1576e-38
4.28501e+37
nan
9.81505e-31
9.80241e-31
-3.39024e+38
-9.40395e-38
-1.16633e-38
-1.51531e-39
3.20855e-14
-3.85686e-34
-0.00299731
-1.00742e+36
6.24912e-39
1.98581e-23
4.68851e+37
2.193e-38
-2.01957e+38
-8.1984e+17
-6.434e+17
1.89898e+38
3.57331e-43
1.70803e+38
5.05125e-29
5.05125e-29
3.90306e-39
951.399    <--7
33.3625
560
-2.00391
5.85483e-31
-1.72403e+32
1.59303e-24
2.39164e-06
3.19613e-29
3.19613e-29
9.16547e-41
1.17065e-38
-1.51546e-39
-1.51531e-39
2.27652e-13
2.94532e+27
1.14398e-35
9.86005e-32
-1.41672e+22
5.8978e+20
2.78623e-17
-5.40112e+36
-2.88226e+17
1.15237e+31
1.15237e+31
2.34636e-38
3.15027e+38
5.06828e-29
5.03026e-29
-3.67934e-39
1.15428e+10
4.92526e+32
-nan
2.00415
-nan
1.1668e-38
1.70105e+38
nan
1.32043e-27
1.31944e-27
-3.39051e+38
1.54743e+26
-1.16633e-38
1.92074e+38
8.02116e-15
7.63929e-06
-5.39915e+13
-1.00742e+36
6.24912e-39
-1.16034e+26
-1.0407e-37
-2.51976e+36
-2.02092e+38
0.00289431
0.00226182
1.97032e+38
3.57331e-43
1.70803e+38
5.05125e-29
5.05125e-29
3.90306e-39
938.676    <--8
33.363
560
-1.98633
1.22643e-30
-1.74088e+26
1.8678e-24
0.491211
7.19279e-26
7.19279e-26
9.16547e-41
1.17047e-38
-1.51546e-39
-1.51531e-39
2.27652e-13
3.11487e+25
1.13996e-35
9.86005e-32
-2.4339e+32
-6.04248e+23
-2.72101e-20
2.10815e-25
3.40278e+38
1.4082e-07
1.40819e-07
2.34636e-38
3.23002e+38
5.06828e-29
5.03026e-29
-3.67934e-39
-4.0197e+25
1.91944e+31
-nan
2.00415
-nan
1.15763e-38
-1.88025e-37
nan
5.0475e-24
5.04313e-24
-3.39082e+38
6.33825e+29
-1.16633e-38
1.92074e+38
8.02116e-15
9.41615e-38
2.53849e-24
-1.00742e+36
6.24912e-39
-1.68821e+15
1.88932e+38
2.19871e-38
-2.02227e+38
3.55457e+18
2.78084e+18
2.0519e+38
3.57331e-43
1.70803e+38
5.05125e-29
5.05125e-29
3.90306e-39
924.205    <--9
33.3645
560
-1.91602
2.36658e-30
-2.61518e+28
2.20356e-24
109312
4.40422e-22
4.40422e-22
9.16547e-41
1.17036e-38
-1.51546e-39
-1.51531e-39
2.27652e-13
1.7488e+23
1.14683e-35
9.86005e-32
-3.89424e+33
1.44073e+17
0.000490204
9.4951e-10
1.80141e+16
-0.000150417
-0.000150416
2.34637e-38
3.21673e+38
5.06828e-29
5.05125e-29
-3.67934e-39
8.48186e-27
1.26184e+31
-nan
2.00415
-nan
1.16683e-38
-1.88028e-37
nan
5.27904e-20
5.27538e-20
-3.39117e+38
2.5353e+30
-1.16633e-38
1.92074e+38
8.02116e-15
1.19364e-07
-4.68232e-05
-1.00742e+36
6.24912e-39
-4.32198e+17
1.89508e+38
1.52581e+38
-2.02362e+38
824.68
645.065
2.14359e+38
3.57331e-43
1.70803e+38
5.05125e-29
5.03026e-29
3.90306e-39
907.989    <--10
33.3639
560
-1.87695
4.24011e-30
-1.35402e+27
2.53965e-24
4.16914e+09
8.51842e-18
8.51842e-18
9.16547e-41
1.17036e-38
-1.51546e-39
-1.51531e-39
2.27652e-13
5.40396e+20
1.15069e-35
9.86005e-32
-6.08476e+31
-2047.21
128.508
4.16159e+06
-2.12674e+37
3.03067e-38
3.03065e-38
2.34637e-38
3.20344e+38
5.06828e-29
5.05125e-29
-3.67934e-39
-1.0318e+09
3.94979e+31
-nan
2.00415
-nan
1.18521e-38
-1.88015e-37
nan
1.67456e-15
1.67333e-15
-3.39155e+38
2.5353e+30
-1.16633e-38
-1.51531e-39
8.02137e-15
-1.70362e+38
-8.43419e+11
-1.00742e+36
6.24912e-39
-1.18824e+29
-2.62427e-38
-8.87289e-38
-2.02471e+38
-6.17632e+25
-5.10513e+25
2.24526e+38
3.57331e-43
1.70803e+38
5.05125e-29
5.05125e-29
3.90307e-39
890.211    <--11
33.3641
560
-2.09766
5.52203e-30
-5.05084e+29
2.72057e-24
0.106201
4.03531e-13
4.03531e-13
9.16547e-41
1.1709e-38
-1.51546e-39
-1.51531e-39
2.27659e-13
1.05173e+18
1.15135e-35
9.86005e-32
3.5265e-38
-1.03848e+34
9.04212e+15
1.14452e+15
8.88166e-16
-1.99317e+20
-1.99317e+20
2.34637e-38
3.36295e+38
5.06828e-29
5.05125e-29
-3.67934e-39
0.233399
2.93567e+31
-nan
2.00415
-nan
1.16685e-38
-2.36841e-38
nan
1.07435e-10
1.07404e-10
-3.39197e+38
6.33825e+29
-1.16633e-38
1.92074e+38
8.02116e-15
1.03981e+34
-12566.8
-1.00742e+36
6.24912e-39
-393002
4.75705e+37
-nan
-2.0257e+38
5.69397e-37
5.20193e-37
2.3529e+38
3.57331e-43
1.70803e+38
5.05125e-29
5.03026e-29
3.90306e-39
871.307    <--12
33.3639
560
-1.89258
9.3677e-30
-3.2682e+30
3.05662e-24
142.5
3.86964e-08
3.86964e-08
9.16547e-41
1.17029e-38
-1.51546e-39
-1.51531e-39
2.27652e-13
1.30083e+15
1.15026e-35
9.86005e-32
-9.96926e+35
5.4967e+11
-8.83074e+12
4.98146e+30
7.20566e+16
4.98455e+13
4.98455e+13
2.34637e-38
3.23002e+38
5.06828e-29
5.05125e-29
-3.67934e-39
1.32645e+08
3.30012e+31
-nan
2.00415
-nan
1.18523e-38
-1.82157e-37
nan
1.73178e-05
1.73112e-05
-3.39242e+38
1.01412e+31
-1.16633e-38
-1.51531e-39
8.02137e-15
6.31907e-30
2.60975e+38
-1.00742e+36
6.24912e-39
-6.75282e+15
1.90734e+38
2.18708e-38
-2.02705e+38
-3.52149e+15
-3.26948e+15
2.47035e+38
3.57331e-43
1.70803e+38
5.05125e-29
5.03026e-29
3.90306e-39
850.66    <--13
33.3633
560
-1.85352
1.43967e-29
-6.34452e+27
3.47654e-24
1.02605e+06
0.0105734
0.0105734
9.16547e-41
1.17036e-38
-1.51546e-39
1.92069e+38
2.27652e-13
8.86575e+11
1.15026e-35
9.86005e-32
-1.52119e+31
-4.43911e-16
-2.36032e-38
-1.96138e-31
-65535.1
-2.34878e-30
-2.34878e-30
2.34637e-38
3.20344e+38
5.06828e-29
5.05125e-29
-3.67934e-39
-3.98947e+26
7.13899e+31
-nan
2.00415
-nan
1.19443e-38
3.1676e+29
nan
7.82179
7.82043
-3.39291e+38
2.5353e+30
-1.16633e-38
-1.51531e-39
8.02137e-15
1.6247e+32
-2.54831e+35
-1.00742e+36
6.24912e-39
-7.42632e+27
-2.64063e-38
nan
-2.02829e+38
2.54249e+29
2.41941e+29
2.59782e+38
3.57331e-43
1.70803e+38
5.05125e-29
5.05125e-29
3.90306e-39
828.357    <--14
33.3633
560
-1.93945
2.0609e-29
-3.83698e+22
4.01918e-24
2.59523e+08
-2.00427
-1.51536e-39
-1.51531e-39
2.27652e-13
-1.48013e-39
-1.51531e-39
2.27652e-13
2.53041e+09
3.47589e+08
9.83718e-32
-1.5577e+34
-3.43512e+10
-5.78678e+17
-3.7836e-09
-5.54821e-20
-791.723
1.58813e+31
1.58813e+31
-3.67926e-39
3.11601e-29
5.05125e-29
-3.67934e-39
3.4089e-25
6.66721e-10
7.89958e+31
2.00415
-nan
1.18524e-38
8.50406e+37
-2.36751e-38
7625.7
8.4091e+06
8.40781e+06
2.60209e+33
-1.16633e-38
-1.51531e-39
1.28342e-13
-5.50469e+11
0.191708
5.39563e+13
6.24892e-39
-1.85658e+27
-2.61473e-38
nan
nan
-1.59117e+28
-1.69126e-25
-1.66072e-25
7.12525e-39
1.70803e+38
5.05125e-29
5.05125e-29
3.90307e-39
828.357    <--15
804.86
557.816
-1.93164
1.94257e-29
2.52439e-29
-1.49936e+23
3.59649e+08
1.18258e+11
1.19664e+10
1.19664e+10
1.17054e-38
-1.51546e-39
-1.51531e-39
2.27659e-13
2.53041e+09
92634.5
4.73442e-32
-1.5577e+34
-3.43512e+10
9.85806e-32
-1.03795e-25
-9.16783e-10
5.20194e-37
-2.31822e+14
-2.31822e+14
3.26992e+38
5.06828e-29
5.05125e-29
-3.77117e-39
3.4089e-25
1.69697e-11
3.37229e+33
2.00415
-nan
-nan
1.16689e-38
-3.78778e-37
5.27904e-20
1.80493e+13
1.80504e+13
6.50731e+32
-1.16633e-38
-1.51531e-39
3.20855e-14
-5.50469e+11
-1.28653e+07
-4.46262e-11
6.24893e-39
-7.42632e+27
-2.64063e-38
-1.05892e-37
1.40605e+29
6.61112e+34
5.06752e-05
5.15509e-05
8.10174e-39
1.70803e+38
5.05125e-29
5.05125e-29
3.90307e-39
828.357    <--16
780.274
557.836
-1.93164
1.94257e-29
3.41186e-29
-1.08952e+20
2.47058e+07
1.65698e+13
3.43899e+16
3.43899e+16
1.17054e-38
-1.51546e-39
-1.51531e-39
2.27659e-13
2.53041e+09
15.805
4.72216e-32
-1.5577e+34
-3.43512e+10
0.000122037
6.6429e-24
-3.97656
1.75343e+14
-1.32153e-05
-1.32153e-05
3.26992e+38
5.06828e-29
5.05125e-29
-3.77117e-39
3.4089e-25
-7.16718e+21
5.76189e+32
2.00415
-nan
-nan
1.16689e-38
1.63331e+32
5.27905e-20
7.57128e+19
7.57337e+19
6.50949e+32
-1.16633e-38
-1.51531e-39
3.20855e-14
-5.50469e+11
2.85667e-09
2.54738e+35
6.24893e-39
-1.18824e+29
-1.11273e+28
1.91819e+38
2.07308e-38
6.61314e+34
5.96325e+13
6.249e+13
9.1227e-39
1.70803e+38
5.05125e-29
5.05125e-29
3.90307e-39
828.357    <--17
754.572
557.849
-1.93945
-1.95312
4.18096e-29
1.03399e-24
2.66732e+07
1.74958e+14
2.08255e+23
2.08255e+23
1.17058e-38
-1.51546e-39
-1.51531e-39
2.27666e-13
1.05173e+18
0.00198944
4.74307e-32
-1.5577e+34
3.76065e-37
5.49785e+11
3.36866e+07
-1.66925e+07
-2.11062e-21
1.79534e-31
1.79534e-31
3.28321e+38
5.01905e-29
5.05125e-29
-3.86301e-39
2.05518e+25
3.98528e+19
1.10674e+33
2.00415
-nan
1.07908e-39
1.1669e-38
-9.47172e-38
4.90464e-21
5.59107e+26
5.59543e+26
-9.43492e-38
-1.16633e-38
-1.51531e-39
3.20855e-14
-9.64214e-35
9.68648e-30
-9.94942e+32
6.24892e-39
-4.86731e+32
-4.54213e+31
1.91912e+38
-2.02754e+38
-0.000193419
-779250
-978071
1.01742e-38
1.70803e+38
5.05125e-29
5.05125e-29
3.90307e-39
988.227    <--18
728.259
557.838
-1.96289
-1.86719
4.65427e-29
-8.89777e+27
6.96333e+06
0.208121
1.75732e+30
1.75732e+30
1.17047e-38
-1.51546e-39
-1.51531e-39
2.27652e-13
8.86575e+11
2.10702e-07
4.73608e-32
-9.96926e+35
-2.5349e+30
6.48737e+32
5.92621e+20
-1.12588e+15
0.000601668
-3.31541e-18
-3.31542e-18
3.23005e+38
5.06828e-29
5.05125e-29
-3.67934e-39
-1.9008e+38
-2.33316e-10
9.44483e+32
2.00415
-nan
-nan
1.18527e-38
1.71384e+38
4.90465e-21
6.25714e+33
6.26593e+33
6.51406e+32
-1.16633e-38
-1.51531e-39
3.20855e-14
-5.50469e+11
3.29352e+09
9.90513e-27
6.24893e-39
-4.86731e+32
-1.2461e+35
-2.65476e-38
2.16656e-38
-0.000193479
-3.99156e-23
-5.18236e-23
1.12593e-38
1.70803e+38
5.05125e-29
5.05125e-29
3.90307e-39
828.357    <--19
700.948
557.84
-1.93945
2.0609e-29
5.83756e-29
-3.54363e+28
7.48762e+06
9.69476
2.69984e+37
2.69984e+37
1.17058e-38
-1.51546e-39
-1.51531e-39
2.27666e-13
2.53041e+09
1.43557e-11
9.86005e-32
-3.54179e+21
-2.30379e+18
-1.70074e-21
-2.41675e-35
-4.92851e+24
2.7297e-39
-1.49822e-08
-1.49823e-08
3.26993e+38
5.06828e-29
5.05125e-29
-3.77117e-39
3.4089e-25
-3.12965e-05
7.16305e+32
2.00415
-nan
1.19435e-38
1.16691e-38
1.71372e+38
4.90466e-21
-1.18291e-36
-1.1844e-36
6.51647e+32
-1.16633e-38
-1.51531e-39
3.20855e-14
-5.50469e+11
2.36298e-33
6.96914e-13
6.24893e-39
-1.18824e+29
-1.90124e+30
-2.65763e-38
-1.38662e+23
-1.11144e-08
-1.47108e+25
-2.03874e+25
1.23897e-38
1.70803e+38
5.05125e-29
5.05125e-29
3.90307e-39
828.357    <--20
672.525
560
-1.77539
-1.96093
7.37584e-29
-3.64192e+25
0.479508
450.169
-6.95931e-33
-6.95931e-33
1.17054e-38
-1.51546e-39
-1.51531e-39
2.27659e-13
2.53041e+09
7.20713e-16
4.73427e-32
-3.89424e+33
-2047.43
-514.017
3.8668e-34
-8.37281e+34
-9580.56
0.275866
0.275868
3.26993e+38
5.06828e-29
5.05125e-29
-3.77117e-39
3.4089e-25
7.56994e+34
-nan
2.00415
-nan
1.19435e-38
1.15773e-38
2.11746e+37
7625.75
-4.83708e-29
-4.8429e-29
6.51898e+32
-1.16633e-38
-1.51531e-39
3.20855e-14
-5.50469e+11
-1.70271e-16
3.77743e-32
6.24893e-39
-7.42632e+27
-2.64063e-38
1.92525e+38
-9.48298e+33
4.49644e-37
-4.58705e-08
-6.87789e-08
1.35642e-38
1.70803e+38
5.05125e-29
5.05125e-29
3.90307e-39
828.357    <--21
642.991
557.845
-1.96289
5.54667e-30
5.48266e-29
-1.1806e+23
6.90159e-24
21400.5
-4.03234e-25
-4.03234e-25
1.17054e-38
-1.51546e-39
-1.51531e-39
2.27659e-13
2.53041e+09
2.32712e-20
4.73706e-32
-9.96926e+35
-1.47551e+20
-9.7095e+24
32.126
1.25215e-32
-1.36365e-31
78990.6
78991.2
3.26993e+38
5.06828e-29
5.05125e-29
-3.77117e-39
3.4089e-25
-2.80891e+31
5.483e+32
2.00415
-nan
1.18524e-38
1.16692e-38
-1.88007e-37
1.90773e-09
-4.16316e-21
-4.17205e-21
6.52159e+32
-1.16633e-38
-1.51531e-39
3.20855e-14
-5.50469e+11
1.70271e-16
-3.88427e+30
6.24892e-39
-1.85658e+27
-2.61473e-38
1.92712e+38
nan
4.49839e-37
-2.603e+35
-4.17925e+35
1.47836e-38
1.70803e+38
5.05125e-29
5.05125e-29
3.90307e-39
828.357    <--22
612.346
557.843
-1.96289
1.94257e-29
1.04131e-28
-2.07786e+23
7.78046e-24
971536
-4.87115e-17
-4.87115e-17
1.17054e-38
-1.51546e-39
-1.51531e-39
2.27659e-13
2.53041e+09
5.19339e-25
4.73728e-32
-1.5577e+34
-3.43512e+10
1.57729e-30
-1.86987e-09
5.25267e-23
-5.20192e-37
-3.51906e+08
-3.51909e+08
3.26993e+38
5.06828e-29
5.05125e-29
-3.77117e-39
3.4089e-25
1.50759e-15
6.37035e+32
2.00415
-nan
-nan
1.16692e-38
-1.87999e-37
1.90773e-09
-6.86706e-13
-6.8805e-13
6.52429e+32
-1.16633e-38
-1.51531e-39
3.20855e-14
-5.50469e+11
-3.69216e-35
-1.01808e+36
6.24892e-39
-1.18824e+29
-2.64063e-38
1.92899e+38
1.47131e+35
4.50023e-37
-0.198537
-0.341299
1.60478e-38
1.70803e+38
5.05125e-29
5.05125e-29
3.90307e-39
828.357    <--23
580.59
557.843
-1.93945
1.94257e-29
1.31741e-28
-7.72469e+19
8.65924e-24
1.48892e+07
-1.13328e-08
-1.13328e-08
1.17054e-38
-1.51546e-39
-1.51531e-39
2.27659e-13
2.53041e+09
7.81663e-30
4.73698e-32
-1.5577e+34
-3.43512e+10
1.86214e-09
1.0676e+37
9.04122e-13
181260
-1.5251e+09
-1.52511e+09
3.26994e+38
5.06828e-29
5.05125e-29
-3.77117e-39
3.4089e-25
1.42163e-27
6.21823e+32
2.00415
-nan
-nan
1.1853e-38
5.16879e+33
1.90773e-09
-0.000215818
-0.000216221
6.52709e+32
-1.16633e-38
-1.51531e-39
3.20855e-14
-5.50469e+11
-12563.8
-2.48514e+32
6.24892e-39
-1.18824e+29
-1.11273e+28
-2.66796e-38
2.06476e-38
4.50218e-37
-6.82115e+37
-1.25609e+38
1.73565e-38
1.70803e+38
5.05125e-29
5.05125e-29
3.90307e-39
828.357    <--24
547.722
557.843
-1.93945
1.94257e-29
1.58563e-28
-6.44923e+18
9.48713e-24
7.0964e+08
-5.05476
-5.05476
1.17054e-38
-1.51546e-39
-1.51531e-39
2.27659e-13
2.53041e+09
8.02088e-35
4.73698e-32
-1.5577e+34
-2047.49
3.44951e+10
-526353
0.00389098
2.18184e-30
1.02917e+08
1.02918e+08
3.26994e+38
5.06828e-29
5.05125e-29
-3.77117e-39
3.4089e-25
-2.42313e-05
6.21822e+32
2.00415
-nan
-nan
1.1853e-38
1.70055e+38
1.90774e-09
-130720
-130960
6.52998e+32
-1.16633e-38
-1.51531e-39
3.20855e-14
-5.50469e+11
-1.48327e+25
-2.48472e+32
6.24892e-39
-1.18824e+29
-1.11273e+28
-2.67033e-38
1.43287e+38
4.50413e-37
-0.000793594
-0.00155433
1.87096e-38
1.70803e+38
5.05125e-29
5.05125e-29
3.90307e-39
828.357    <--25
513.743
557.843
-1.93945
2.0609e-29
1.85382e-28
-1.58528e+18
1.03662e-23
3.21037e+10
-4.24146e+09
-4.24146e+09
1.17054e-38
-1.51546e-39
-1.51531e-39
2.27659e-13
2.53041e+09
-5.71611e+36
4.73698e-32
-1.5577e+34
-2047.49
2.54529e+30
-1.66093e-24
6.84151e+07
-3.04104e+12
108175
108176
3.26994e+38
5.06828e-29
5.05125e-29
-3.77117e-39
3.4089e-25
6.08462e-13
6.21822e+32
2.00415
-nan
-nan
1.1853e-38
5.29323e+36
1.90774e-09
-1.68577e+14
-1.69149e+14
6.53298e+32
-1.16633e-38
-1.51531e-39
3.20855e-14
-5.50469e+11
-8.63376e+14
-2.48399e+32
6.24892e-39
-1.18824e+29
-1.11273e+28
-2.67263e-38
2.00058e-38
4.50596e-37
-4.17551e+30
-8.47538e+30
5.0513e-29
-1.35594e-20
9.45639e-29
5.05125e-29
3.90307e-39
828.357    <--26
277.53
-1.82484e+15
-0.845734
1.56337e+12
-7.66947e+18
-7.66947e+18
1.0985e-23
4.4494e+11
-3.33751e+13
-1.54719e-39
-1.51531e-39
-1.32084e+26
-1.51531e-39
2.27659e-13
2.53041e+09
-1.35029e-28
-1.90301e+28
3.10756e+17
-3.35461e+07
-0.110713
-0.110714
4.31221e+12
-2.96977e+09
-8.4753e+30
8.55711e-29
5.05125e-29
1.11103e+15
1.15237e+33
-3.77117e-39
3.4089e-25
6.08462e-13
1.15776e-38
5.31395e+36
-nan
-4.13992e+23
-4.15335e+23
6.69293e+35
1.90774e-09
-3.33047e+13
-2.13601e+15
-1.51531e-39
-3.90733e-30
1.78154e-10
3.20855e-14
-5.50469e+11
-3.96443e-26
-1.02096e+36
nan
-1.18469e+29
-2.96692e-15
-6.51301e-15
2.15497e-38
4.50596e-37
-4.17551e+30
-8.47538e+30
5.0513e-29
-1.35594e-20
442.451
5.05121e-29
3.90307e-39
828.357    <--27
336.356
-1.24877e+16
-0.912178
3.07863e+13
-2.6141e+28
-2.6141e+28
1.0985e-23
4.4494e+11
-3.33751e+13
-1.54719e-39
-1.51531e-39
-1.38121e+15
-1.53762e-39
2.27659e-13
2.53041e+09
-7.2102e-10
-2.57906e+08
5.184e+27
-1.00949e-28
-7.06329e-09
-7.06336e-09
4.31221e+12
-2.96977e+09
-8.4753e+30
8.55711e-29
5.05125e-29
-4.79921e+33
4.73839e-29
-3.77117e-39
3.4089e-25
11345.1
6.21819e+32
3.23058e+32
-nan
-1.96071e+33
-1.96703e+33
6.69619e+35
1.90774e-09
-3.33047e+13
-2.13601e+15
-1.51531e-39
-2.45267e+28
-6.63429e-19
3.20855e-14
-5.50469e+11
2.85667e-09
4.84328e+37
1.99577e-38
-1.18507e+29
-3.79909e+15
-8.82605e+15
2.30371e-38
4.50596e-37
-4.17551e+30
-8.47538e+30
5.0513e-29
-1.35594e-20
405.137
5.05132e-29
3.90307e-39
828.357    <--28
1586.19
-1.98545e+13
-0.974686
1.46015e+15
-1.66151e+38
-1.66151e+38
1.0985e-23
4.4494e+11
-3.33751e+13
-1.54719e-39
-1.51531e-39
-6730.33
-1.09343e-38
2.27659e-13
2.53041e+09
-7.83274e+06
-1.94868e+31
1.32201e+36
-4.05548e+31
1.11068e-19
1.11067e-19
-1.6777e+07
3.37699e-20
8.37422e-10
8.37423e-10
3.28321e+38
5.06436e-28
4.18354e+33
-3.86301e-39
2.05518e+25
2.08195e-40
6.2182e+32
2.00416
-nan
1.50676e-34
1.50485e-34
1.19649e+38
5.27905e-20
1.05995e+25
1.06091e+25
2.60447e+33
6.07972e-05
-6.22053e-39
3.20855e-14
-5.50469e+11
4.51418e-36
-2.48217e+32
2.2078e-38
-1.18532e+29
3.91174e+30
2.762e+30
-1.29869e-07
6.61352e+34
0
1.70141e+38
0
1.70803e+38
367.027
5.05125e-29
3.90307e-39
828.357    <--29
1725.75
-1.58913e+30
-1.02737
4735.99
1.61777e-29
1.61777e-29
3.3452e+08
1.64646e+09
249122
249122
2.27652e-13
-2.03486e-08
3.27547e+38
2.27652e-13
1.0419e+22
-4.39047e+18
-1.33347e-17
-1.91452e-34
-3.43512e+10
-6.65922e+17
-6.65918e+17
3.40278e+38
1.4082e-07
1.40819e-07
2.34636e-38
3.23002e+38
-6.80473e+10
2.27431e+33
-3.67934e-39
4.7147e-31
2.28516e+32
6.21821e+32
2.00417
-nan
2.04568e-24
2.04332e-24
nan
7.1993e-26
7.19279e-26
-3.39066e+38
4.05648e+31
1.75236e+13
2.58954e-21
3.20855e-14
-5.50469e+11
-7.78783e+33
-2.48365e+32
2.17178e-38
-1.1857e+29
9.39972e+23
0.491204
1.98981e+38
-3.50779e-38
-2.10556e+14
-2.5931e+14
-2.7723e-36
3.94775e-39
-1.96945
474
-1.22083e+27
-1.12103    <--30
4.65229e+37
7.65233e-22
5.24968e+13
3.39066e+38
1.4711e-38
5.77209e+25
-9.57946e-06
-9.57938e-06
2.69981e+37
2.69984e+37
1.17058e-38
-1.51546e-39
-1.51531e-39
1.75342e-36
4.63937e+09
-4.04648e+14
-2.08354e-19
-7.58215e-37
-4.05549e+31
-1.49397e-19
0.491208
1.25145e-16
1.25026e-16
-3.43075e-18
-3.43739e-18
3.28322e+38
5.06828e-29
5.05125e-29
3.60125e-20
-2.58877e-21
5.82648e+36
-nan
-6.05718e+23
4.85194e+37
2.13514e-38
-1.32721e+36
2.48227e+29
2.09754e+29
2.04838e+26
5.20857e+26
-9.86615e-07
-5.50477e+11
-7.78783e+33
-2.48365e+32
297.948
-1.70274e-16
3.77743e-32
6.24893e-39
4.32188e-28
-1.04765e+27
nan
746480
2.45767e-11
2.45767e-11
-2.5931e+14
-2.7723e-36
3.94775e-39
-1.96945
474
-2.2736e-29
987.926    <--31
672.525
560
2.24086e-29
0.000122551
-5.51875e-17
-9.01889e+23
45639.3
45639.2
5.20851e+26
5.20857e+26
4.48901e-13
-3.1325e+36
-2.47557e+27
-7.96125e+06
6.58552e+09
0.0200955
4.74443e-32
-1.5577e+34
1.18533e-38
-2.36781e-38
0.491208
5.70086e-06
5.69862e-06
-2.5862e+14
-2.5931e+14
-7.53993e+36
3.4089e-25
-nan
9.48824e+27
-4.0433e-23
1.24333e-34
6.14217e+32
2.00415
-1.94218e+38
2.13904e-38
-1.32753e+36
0.197934
0.182855
2.26363e+26
5.20857e+26
-9.86615e-07
-5.50477e+11
-7.78783e+33
-2.48365e+32
256.945
2.26507e+20
-1.00742e+36
6.24912e-39
5.17373e-28
-4.92657e+23
nan
1.46962e+07
1.54101
1.54101
-2.5931e+14
-2.7723e-36
3.94775e-39
-1.96945
474
1.35341e+33
831.473    <--32
1586.19
-1.98545e+13
2.21618e-13
-1.84293e-14
-2.36559e-07
6.02634e-28
3.37291e+12
3.37291e+12
5.20851e+26
5.20857e+26
4.48901e-13
-3.1325e+36
-2.47557e+27
1.16577e-34
7.45792e+09
-12684.3
-4.85113e-29
-nan
1.19451e-38
2.12547e+37
0.491209
479841
479815
-2.58698e+14
-2.5931e+14
-7.53993e+36
3.4089e-25
-nan
-3.88638e+31
-2.04872e+08
11345.1
6.37042e+32
-6.05776e-36
-2.68558e-38
nan
-1.32788e+36
-2.46578e-33
-2.47405e-33
2.48478e+26
5.20857e+26
-9.86615e-07
-5.50477e+11
-7.78783e+33
-2.48365e+32
214.832
-1.70273e-16
3.77743e-32
6.24893e-39
5.99426e-28
-9.44488e+21
nan
2.89923e+08
1.8825e+11
1.8825e+11
-2.5931e+14
-2.7723e-36
3.94775e-39
-1.96945
474
4.2286e+07
987.02    <--33
33.3637
560
1978
8224.27
-4079.87
-1.61768e-19
-9.67663e+17
-9.67664e+17
3.15206e+08
3.15208e+08
1.17054e-38
-1.51546e-39
-1.51531e-39
7.21479e+16
1.95992e+33
1.14907e-35
9.86005e-32
8.6324e+34
1.18533e-38
8.63286e+37
0.491209
8.23629e+16
8.23921e+16
-1.65887e-25
-1.66072e-25
3.26992e+38
5.06828e-29
5.05125e-29
-3.33421e-29
-12.2008
7.13901e+31
-nan
-6.05766e-36
-1.9449e+38
2.04114e-38
-1.3282e+36
1.38924e+10
1.50535e+10
2.3521e+08
3.15208e+08
6.50574e+32
-1.16633e-38
-1.51531e-39
3.20855e-14
171.607
2.26508e+20
-1.00742e+36
1.95653e-38
6.79918e-28
-4.87001e+21
nan
2.57104e+09
4.40936e+22
4.40936e+22
-1.66072e-25
7.12525e-39
1.70803e+38
5.05125e-29
5.05125e-29
2.72203e-19
987.129    <--34
33.3637
560
2.22703e+18
5.70359e+12
-1.38128e+13
-1.75139e+21
-1.0786e+21
-1.0786e+21
3.15207e+08
3.15208e+08
1.17054e-38
-1.51546e-39
-1.51531e-39
-7.32873e-27
2.0309e+33
1.14907e-35
9.86005e-32
-3.89424e+33
1.15779e-38
8.4366e+37
-0.110714
2.83665e+28
2.83848e+28
-1.65947e-25
-1.66072e-25
3.26992e+38
5.06828e-29
5.05125e-29
-0.165102
-199722
7.13901e+31
-nan
-6.05766e-36
4.8655e+37
3.82796e+37
-1.75123e+21
-2.63256e-27
-3.07436e-27
-1.67384e+13
-2.13601e+15
-1.51531e-39
1.53292e+27
2.42423e+29
3.20855e-14
127.282
2.36302e-33
6.96914e-13
6.24893e-39
7.57211e-28
-7.13272e+25
-0.110105
5.2544e+10
2.00772e+34
2.00772e+34
-3.43739e-18
1.15377e-38
1.70803e+38
5.05125e-29
5.05125e-29
-2.89881e+24
855.942    <--35
714.742
557.847
3.98122e+31
2.4749e-32
-1.88148e+22
6.68101e+15
7.30307e+19
7.30309e+19
3.19616e-29
9.16547e-41
1.17065e-38
-1.51546e-39
-1.51531e-39
-4.72373e-35
7.72628e+09
1.06153e-13
4.74104e-32
-nan
1.18534e-38
-9.76452e-38
-1.24707e-08
4.08868e-29
nan
-1.46567e-37
-5.35269e+13
5.05125e-29
-4.79921e+33
4.73839e-29
8.74851e+35
3.42135e-25
-4.26839e+28
3362.07
4328.69
-nan
1.61984e-29
1.61777e-29
-3.76338e-37
7625.7
249147
82.0247
-9.86615e-07
-5.50477e+11
-7.78783e+33
1.45357e-14
-2.6936e+22
5.74158e-33
4.51323e+11
-1.48333e-31
-1.48333e-31
-4.28429e-17
-3.11471e-17
1.43639e-39
-1.59093e+28
1.63817e+31
-5.11145e-31
-2.77211e-36
3.94775e-39
-1.96945
-3.56598e-34
-2.02345e-34
-1.25776e+30    <--36
-3.20996e+24
72.6295
72.63
4735.95
1.61777e-29
1.61777e-29
3.3452e+08
1.64646e+09
12818.1
-1.96766e-38
-1.51531e-39
-2.12536e+12
-1.51531e-39
-2.95042e-19
1.55748e+26
1.06155e-13
-1.046e-23
-3.11276e-17
-5.54808e-20
9.75874e-30
-3.76338e-37
7625.7
1.12206e+21
-9.81711e+29
8.3606e-29
-4.93286e-32
5.90246e-38
-7.44755e+31
-8.78537e-24
3.79029e-28
14.6856
6.14217e+32
1.36643e+15
1.36644e+15
7625.7
1.43639e-39
-1.59093e+28
1.63817e+31
12368.1
-4.1002e-27
-1.51531e-39
-2.95042e-19
1.55748e+26
1.40721e-14
-8.90792e+12
-9.46878e-38
-3.88434e+30
-2.00179e-19
-2.00431e-19
-1.59096e+28
1.61775e-29
3.3452e+08
1.64646e+09
12.024
-4.80576e+33
3.82118e-29
-3.85501e-11
1.95615e-38
2.12783e+37
1.17427e+14
828.582    <--37
623.971
-3.99609e-35
-6.22639e-35
3.47133e+08
-3.10674e-17
-5.54808e-20
-791.723
3.53829
2.33346e+27
12.7256
1.1705e-38
-2.61273e-14
-2.61116
-1.62866e+13
-1.3254e+36
3.71398e-22
2.9409e+11
-2.53426e-13
-2.5165e-13
7616.06
-3.77881e-37
1.34536e+08
-3.94964e-40
0.0469132
-9.09682e+19
5.62265e-36
-2.58101e+26
0.153578
131563
-4.4415e-11
-266247
-8.72855e+18
6.47067e+21
9.87179e+16
-9.94211e+27
1.83726e-38
1.22713e-38
1.22143e-38
2.62503
-1.06629e-24
2.08522e+28
1.75235e+13
2.58954e-21
1.12729e-38
1.2037e-38
-9.46813e-38
-3.88432e+30
-1.34392e-07
-1.19071e-07
1.17277e-38
-35.8183
-9.60026e-34
-9.66962e-35
7.1347e-15
2.58662e-26
-2.99577e+28
1.70146e+38
337.839
4.9909e+35
-1.7165e-36
2.05277e-38    <--38
622.477
-4.0945e-26
4.7921e+35
nan
9.75869e-30
-5.54817e-20
1.25817e-38
1.25817e-38
1.95156e-39
-29.0071
31.4144
-2.61273e-14
-2.97054
3.64457e-28
-1.75822e+19
2.29142e-22
181193
-0.029387
-0.0251144
7616.06
-3.77927e-37
2.00419
-nan
3.88058e-26
4.40458e-23
-9.08149e+30
-2.58102e+26
0.153578
-32889.8
1.48178e+20
5.27356e+33
-nan
2.094e-17
-7.8277e+33
-9.94213e+27
1.45155e-38
1.28224e-38
1.27653e-38
2.62503
1.42145e+16
-3.58414e+06
1.75412e+13
2.58954e-21
1.11811e-38
1.2496e-38
-9.46804e-38
-1.00741e+36
-2772.19
-1990.16
1.17338e-38
-1.2427e-16
-6.14417e-32
-2.47565e-32
7.13557e-15
2.64869e-23
-3.08019e+31
2.57689e+38
337.839
1.24773e+35
-1.75191e-33
8.20005e-38    <--39
33.3306
2.37289e-30
-1.07942e+11
nan
9.75869e-30
-5.54817e-20
1.27653e-38
1.27653e-38
1.95156e-39
-65.4292
25.9697
-2.61273e-14
-2.97054
1.88539e-28
-1.20338e+19
9.05167e-36
0.118643
-1.04228e+08
-6.75277e+07
7616.06
-3.78007e-37
-9.90308e-32
-9.90289e-32
3.88056e-26
-3.67915e-27
-7.49631
-2.58102e+26
0.0383946
5.51782e+11
6.48977e-27
9.45899e-10
6.37035e+32
1.14534e+14
3.1301e-34
-9.94215e+27
1.45155e-38
1.29142e-38
1.28572e-38
2.62503
-2.7299e-05
-3.04896e-16
1.75411e+13
2.58954e-21
1.10892e-38
1.28631e-38
-9.46795e-38
-2.4844e+32
-1.6168e+12
-9.871e+11
1.17389e-38
-1.8962e-21
-2.45767e-31
-9.90289e-32
7.13579e-15
-2.41942e+24
9.28404e-05
2.57366e+38
337.839
3.11925e+34
-4.47177e-31
8.18914e-38    <--40
1776.48
-2.36848e+35
-3.55654e-22
nan
9.75869e-30
-5.54817e-20
1.28572e-38
1.28572e-38
1.95156e-39
-97.2018
17.4824
-2.61273e-14
-2.95491
1.0492e-28
-7.85436e+18
2.05517e+25
5.72666e-08
-1.0193e+16
-5.9057e+15
7616.06
-3.77961e-37
-9.90308e-32
-9.90289e-32
3.88056e-26
-3.34983e+10
3.60815e+28
-2.58102e+26
0.0383946
-9.93971e+27
-32912.1
-6.97169e+28
1.4855e-16
-9.17936e+36
-8.49514e-32
-9.94216e+27
1.43318e-38
1.29142e-38
1.28572e-38
2.62503
1.51609e-30
-9.42786e-32
1.7541e+13
2.58954e-21
1.09974e-38
1.33222e-38
2.26507e+20
6.96913e-13
-2.76963e+19
-1.43304e+19
1.17432e-38
-2.96282e-23
-2.45767e-31
-9.90289e-32
7.13579e-15
-1.65543e-24
-1.14566e-36
2.56654e+38
337.839
7.79813e+33
-4.56775e-28
986.516    <--41
677.818
4.84216e+16
-7.9643e+15
nan
1.45416e-37
-5.54817e-20
1.28572e-38
1.28572e-38
1.95515e-39
-124.911
9.01121
-1.51561e-39
-1.51531e-39
3.964e-29
-2.67732e+33
8.80884e-14
9.38127e-09
-5.3686e+22
-2.64e+22
7616.06
-3.77949e-37
-2.29812e-40
1.73459e+38
nan
5.73134e-37
6.26355e-29
5.09559e-29
-3.17072e+29
4.45455e-16
5.51871e+11
-0.000171181
8.44408e-30
-9.63629e+36
1.50237e+35
-9.94218e+27
1.43318e-38
1.90464e-37
1.89563e-37
-2.62515
8.73647e+23
1.99181e+20
-3.20054e-38
-1.51531e-39
1.2834e-38
-5.50461e+11
9.474e-38
6.9691e-13
-1.04102e+26
-5.13542e+25
1.17471e-38
-2.96282e-23
-9.37526e-37
-1.53416e-36
7.24529e-15
-7.13313e-15
-1.87836e-32
5.67374e-37
5.05125e-29
6.29626e+06
-1.05708e-37
2.264e-38    <--42
678.531
733.284
-29.6587
nan
9.75869e-30
-5.54816e-20
1.92502e-37
1.93971e-37
1.1732e-38
-149.084
9.01972
-1.51562e-39
-2.69141
1.89327e-29
-1.27273e+33
2.79015e-07
9.16091e-07
-1.23755e+29
-6.09483e+28
7616.06
-3.77881e-37
-2.29453e-40
-2.2995e-40
nan
6.71567e-23
3.32683e-29
5.05121e-29
-5.31959e+36
-1.69576e-21
8.03078
-8.88391e-33
1866.13
4.5114e-07
-7.03425e-09
-9.94219e+27
1.37808e-38
1.87802e-37
1.87352e-37
-2.64078
-8.30774e+37
-5.4732e-29
-3.05391e-39
-1.51531e-39
5.18873e-39
1.15768e-38
-8.49867e+34
-1.00742e+36
-8.88852e+31
-4.37198e+31
1.17507e-38
-1.15735e-25
-5.85954e-38
-2.39691e-38
2.89777e-14
-0.000490185
8.10601e+36
7.02374e-10
-nan
2.63766e+13
4.76341e+37
3.58916e-37    <--43
749.82
-1.32515e+10
1.29401e+08
nan
9.75869e-30
-5.54816e-20
1.92502e-37
1.92502e-37
1.1732e-38
-170.169
9.07164
-1.51568e-39
-2.23828
8.92405e-30
-9.00044e+31
0.00357366
266.549
-4.15339e+34
8.45568e-09
3.24226e+32
-1.41918e-36
1.81125e-15
-5.68059e-09
-1.24719e+35
3.02165e-26
0.37538
5.09093e-29
2.24378e-38
4.78234e-07
6.40006e-22
-2.59641e-23
-2.35661e-35
-nan
1.55002e-28
-9.94217e+27
1.43319e-38
1.90464e-37
-179.662
9.01126
6.4625e-26
-2.32441
5.89181e-30
-5.95801e+32
1.19196e-14
0.125162
-1.37898e+37
-6.77021e+36
-4.14189e+34
-1.75865e+30
1.17498e-38
7616.12
-5.85954e-38
4.06001e-05
4.36691e-29
0.000122546
-8.64681e+17
-3.36003e+07
-2.36003e-38
4.0238e+07
-5.50917e-25
6.75282e-21    <--44
-1.05302e-22
-2.59895e+38
-4.30736e-09
nan
1.27134e-29
-5.54816e-20
-6.35537e-38
-2.12826e-12
3.14575e-39
1.99534
7.32388e-39
1.15765e-38
2.86351e-14
2.27653e-13
2.44699e-38
1.1939e-38
266.004
-1.61541e-27
-4.37191e+31
-8.11154e+31
-3.77656e-37
-0.03186
-1.9801e+33
5.80986e-34
-3.07348e+38
3.17729e-22
4.73589e+37
-3.56609e-37
-3.6945e-39
-1.29765e+16
1.43873e+14
-6.12855e-36
-nan
5.87499e-33
nan
nan
0
0
0
1.23095e+32
4.55562e-41
-7.93868e-32
