988.3    <--0
33.57
560
-2.01953
-0
-0
6.36541e-25
4.59163e-41
0
0
1.77965e-43
1.17087e-38
1.70803e+38
1.70801e+38
1.43493e-41
2.98555e+33
2.04041e-35
9.86084e-32
3.52643e-38
-5.62963e+14
1.67132e+35
4911.98
-1.32921e+36
0
0
4.5559e-41
3.38953e+38
5.34438e-29
5.32736e-29
-3.67935e-39
2.29718e-27
1.02023e+22
6.66532e-40
1.99426
1.1709e-39
1.78144e-38
2.16625e-22
nan
1.06499e-43
0
1.16631e-38
1.70141e+38
-1.16633e-38
-1.51531e-39
8.02137e-15
7.65419e-06
4.4671e-11
6.12223e-28
-2.60591e+38
3.25216e-19
7408.12
nan
-2.01072e+38
9.02198e-41
0
1.70141e+38
0
1.70803e+38
5.05125e-29
5.05125e-29
9.78054e-39
988.3    <--1
33.3508
560.001
-1.92383
-2.49524e+27
-4.60197e+26
6.36787e-25
7.02541e-39
0
0
1.77965e-43
1.17087e-38
-1.51546e-39
-1.51531e-39
7.74658e+25
2.98587e+33
1.09033e-35
9.86806e-32
-6.08463e+31
-1.58697e+29
-4.10727e-32
2263.93
-1.32921e+36
0
0
4.5559e-41
3.38953e+38
5.06828e-29
5.05125e-29
-3.67934e-39
2.30981e-27
4.0474e+24
2.22774e-39
1.99426
5.02797e-39
2.15422e+14
-3.31886e+32
nan
1.06499e-43
0
1.16631e-38
1.70141e+38
-1.16633e-38
-1.51531e-39
8.02137e-15
1.8249e-12
-3.5392e+18
2.50766e-24
-2.60591e+38
2.23437e-08
4.23925e+37
-1.60912e+38
-2.011e+38
2.43174e-38
2.35106e-38
1.70146e+38
3.57331e-43
1.70803e+38
5.05125e-29
5.05125e-29
9.78054e-39
988.13    <--2
33.3561
560.001
-1.68945
6.93541e-37
-3.09309e+32
6.86877e-25
3.65927e-31
1.65306e-39
1.65306e-39
9.16547e-41
1.17033e-38
-1.51546e-39
-1.51531e-39
7.74706e+25
2.47687e+33
1.13294e-35
9.86385e-32
-12288.1
3.77327e+22
2.92158e-11
1.63034e+18
5.31684e+36
4.77609e-07
4.77608e-07
2.34636e-38
3.07052e+38
5.10772e-29
5.05125e-29
-3.86301e-39
-5.41514e+13
3.59416e+28
2.36833e-41
2.00415
-nan
1.1941e-38
5.94668e+20
nan
9.74049e-39
9.73471e-39
-3.38955e+38
2.41785e+24
-4.68365e-38
-1.51567e-39
8.02137e-15
3.44714e+10
1.5135e-31
-2.51854e+35
6.24912e-39
-5.99686
-9.96759e-38
2.22364e-38
-2.01297e+38
-5.43771e-10
-4.68162e-10
1.71055e+38
3.57331e-43
1.70803e+38
5.05125e-29
5.05125e-29
9.78054e-39
985.94    <--3
33.3522
560
-1.86133
7.37268e-34
-4.60363e+27
8.06285e-25
4.87003e-23
2.47963e-38
2.47963e-38
9.16547e-41
1.17026e-38
-1.51546e-39
-1.51531e-39
7.74658e+25
9.72605e+32
1.10475e-35
9.8599e-32
-8.85449e+20
4.23062e-22
-1.34734e+08
-8.08128e-37
4.61162e+18
6.40965e+29
6.40963e+29
2.34636e-38
3.15027e+38
5.06828e-29
5.05125e-29
-3.67934e-39
-6.68513e+34
3.50622e+27
-nan
2.00415
-nan
1.19421e-38
-3.29484e-24
nan
8.67448e-38
8.66955e-38
-3.38963e+38
6.1897e+26
-4.68365e-38
-1.51567e-39
8.02137e-15
-131498
-2.3648e-33
-2.51854e+35
6.24912e-39
-2.18102e-11
-1.01501e-37
1.5932e+38
-2.0149e+38
5.49305e+34
4.23408e+34
1.73428e+38
3.57331e-43
1.70803e+38
5.05125e-29
5.05125e-29
9.78054e-39
981.222    <--4
33.3539
560
-1.75195
1.44444e-32
-4.39475e+28
1.03068e-24
4.17231e-11
4.43785e-37
4.43785e-37
9.16547e-41
1.17019e-38
-1.51546e-39
-1.51531e-39
7.74658e+25
1.47976e+32
1.09935e-35
9.8599e-32
-3.54179e+21
-6.64013e+35
-4.66492e-41
-1.49884e-14
2.27371e-13
-134945
-134944
2.34636e-38
3.13698e+38
5.06828e-29
5.05125e-29
-3.67934e-39
3.76446e+35
1.85289e+26
-nan
2.00415
-nan
1.16672e-38
-1.5156e-36
nan
3.24952e-36
3.24478e-36
-3.38977e+38
6.1897e+26
-1.16633e-38
-8.7245e-40
8.02137e-15
-3.95712e-31
4.57403e-08
-2.51854e+35
6.24912e-39
-3.48971e-10
-1.02606e-37
2.13005e-38
-2.01687e+38
8.51471e+17
6.00615e+17
1.7727e+38
3.57331e-43
1.70803e+38
5.05125e-29
5.05125e-29
9.78054e-39
973.976    <--5
33.3553
560
-1.71289
9.47553e-32
-4.23611e+27
1.26981e-24
32.875
3.64919e-35
3.64919e-35
9.16547e-41
1.17019e-38
-1.51546e-39
-1.51531e-39
7.74658e+25
9.56015e+30
1.10374e-35
9.8599e-32
-5.53405e+19
0.0312179
-6.21427e+26
-1.06322e+09
-1.29806e+33
0.000128959
0.000128958
2.34636e-38
3.13698e+38
5.06828e-29
5.05125e-29
-3.67934e-39
9.711e+15
8.35775e+25
-nan
2.00415
-nan
1.19431e-38
-7.40308e-37
nan
5.8469e-34
5.83895e-34
-3.38996e+38
6.1897e+26
-1.16633e-38
-1.51531e-39
8.02137e-15
-1.08773e-19
0.01199
-2.51854e+35
6.24912e-39
-9.1488e-05
-1.03401e-37
2.39507e+33
-2.01884e+38
2.35157e+17
1.54653e+17
1.82582e+38
3.57331e-43
1.70803e+38
5.05125e-29
5.05125e-29
9.78054e-39
964.205    <--6
33.3552
560
-1.71289
3.83643e-31
-4.17362e+20
1.51551e-24
2.85186e+13
1.31003e-32
1.31003e-32
9.16547e-41
1.17019e-38
-1.51546e-39
-1.51531e-39
7.74658e+25
2.68473e+29
1.10409e-35
9.8599e-32
-1.38351e+19
1.00869e-28
3.70399e+19
-1.9691e+28
4.7223e+21
-139.763
-139.762
2.34636e-38
3.16356e+38
5.06828e-29
5.05125e-29
-3.77117e-39
-1.69136e-17
3.78294e+24
-nan
2.00415
-nan
1.19433e-38
8.50545e+37
nan
3.98389e-31
3.97668e-31
-3.39021e+38
2.65846e+36
-1.16633e-38
-1.51531e-39
3.20855e-14
9.23533e+18
2.05975e+08
-2.51854e+35
6.24912e-39
7.39666e-32
4.68748e+37
-nan
-2.01952e+38
0.182009
0.138909
1.89073e+38
3.57331e-43
1.70803e+38
5.05125e-29
5.05125e-29
3.90307e-39
952.869    <--7
33.3616
560
-2.19141
5.23854e-31
-7.44752e+30
1.57364e-24
1.13621e-06
1.24768e-29
1.24768e-29
9.16547e-41
1.17094e-38
-1.51546e-39
-1.51531e-39
2.27652e-13
4.83472e+27
1.14135e-35
9.8599e-32
-2.37686e+29
3.43423e+10
-5.92567e+20
-8.46967e+34
3.38808e-21
-593044
-593041
2.34636e-38
3.21673e+38
5.06828e-29
5.03026e-29
-3.67934e-39
-6.96632e-07
1.0792e+32
-nan
2.00415
-nan
1.15761e-38
2.6144e+33
nan
5.08749e-28
5.0825e-28
-3.39047e+38
1.54743e+26
-1.16633e-38
1.92074e+38
8.02116e-15
-0.00782263
4.46611e-11
-2.51854e+35
6.24912e-39
-1.05511e+14
-1.04021e-37
-nan
-2.02076e+38
-8.8365e-36
-6.93635e-36
1.96087e+38
3.57331e-43
1.70803e+38
5.05125e-29
5.05125e-29
3.90306e-39
940.364    <--8
33.3642
560
-1.9707
1.12782e-30
-1.207e+29
1.82879e-24
0.237793
2.47469e-26
2.47469e-26
9.16547e-41
1.17044e-38
-1.51546e-39
-1.51531e-39
2.27652e-13
5.73472e+25
1.14176e-35
9.8599e-32
-9.96926e+35
-1.40713e+14
-3.06378e-05
3.29408e-27
-5.19223e+33
601.77
6.35528e-30
2.75484e-19
nan
5.06828e-29
5.05125e-29
-nan
-6.96643e-07
-1.88035e-37
-nan
1.61726e-24
1.61619e-24
1.15799e-38
-1.87313e-37
nan
7.9367e-29
7.93064e-29
-8.04845e-28
3.53817e+18
-1.16633e-38
-1.51531e-39
-1.64853e+12
4.72148e+37
-nan
-2.51991e+35
-9.70245e-30
-7.57104e-30
5.10287e+37
1.62753e+38
-2.02009e+38
-754136
-593041
1.92453e+38
926.111    <--9
1.70751e+38
5.05125e-29
-1.88332
2.19401e-30
-7.55162e+28
41.873
52736
1.45672e-22
1.45672e-22
-1.43246e+32
1.61199e-24
3.75509e-05
-3.60159e-38
-2.76609e+27
3.44001e+23
1.17192e-38
-1.51546e-39
-2.93081e+33
5.36713e+08
-5.69771e+14
1.44384e-11
-1.0587e-22
-7.06454e+17
-7.06451e+17
-5.92568e+20
-7.83699e+34
3.38808e-21
603.144
6.35528e-30
-3.7687e-26
1.70552e+31
5.06828e-29
5.05125e-29
-3.77117e-39
1.18519e-38
-1.85823e-37
-nan
1.60188e-20
1.60004e-20
1.15822e-38
-1.87313e-37
nan
3.25087e-25
2.11685e-38
-1263.41
804425
-1.16633e-38
-1.51531e-39
8.02137e-15
1.89438e+38
9.82496e+36
-2.52123e+35
9.20652e+17
7.22214e+17
5.329e+37
1.62753e+38
-2.02009e+38
-754136
-593041
1.92453e+38
910.115    <--10
1.70745e+38
5.05125e-29
-1.86769
3.91964e-30
-7.61629e+25
48.373
2.02165e+09
2.3735e-18
2.3735e-18
-1.43246e+32
1.61242e-24
3.75509e-05
-3.60159e-38
-2.76609e+27
1.13411e+21
1.07312e-38
-1.51546e-39
-2.86212e+30
-3.05044e-05
2.37048e+21
65279.9
6.4898e+32
5.05524e-31
5.05522e-31
-5.92568e+20
-7.83699e+34
3.38808e-21
603.144
6.35528e-30
1.20351e+18
2.95444e+38
5.06828e-29
5.05125e-29
-nan
1.18521e-38
9.0667e+15
-nan
4.29037e-16
4.28734e-16
1.33406e-25
2.11685e-38
-1.48513e-35
0.25573
2.8406e+31
-1.48513e-35
3.53767e+18
-nan
-1.5156e-39
8.63523e+37
-2.62307e-38
6.58722e-15
6.5824e-15
-4.26247e+33
-3.36618e+33
1.43952e-16
-3.05221e+23
-nan
-9.67724e+35
3.21735e+06
-6.27489e-21
901.461    <--11
-3.19011e+37
nan
-8.89226e-38
5.13554e-30
-2.33557e+23
-2.00581e+23
679.596
-1.91602
4.46815e-31
-2.42441e+31
1.54123e-24
461824
887.95
7.93054e-29
1.27624e+24
-2.13112
-2.15814e-38
-2.63065e+28
-1.4328e+10
0.0565196
1.59283e-12
1.59283e-12
-2.4339e+32
-3.35696e+33
600.58
6.35528e-30
1.22708e-38
4.81031e+17
6.32712e-30
1.20351e+18
-1.12703e+33
1.50414e-36
6.04187e-36
7.31856e+16
-1.24817e+27
-1.28309e+22
-1.28309e+22
2.00416
2.14889e-16
1.33406e-25
2.11685e-38
-1.48513e-35
-3.28811e-15
1.91151e+31
-1.48513e-35
3.53767e+18
-nan
1.15767e-38
-3.7889e-37
-2.62308e-38
4.44297e-10
4.44174e-10
6.26202e-39
-1.05511e+14
-1.04021e-37
1.61657e+38
-2.02009e+38
5.56454e+25
50266.4
1.92453e+38
929.837    <--12
-1.37973e+11
1.90334e+38
-3.8347e+31
5.13766e-30
1.53453e-28
1.4047e-28
712.269
-1.76758
1.87777e-33
-2.03024e+30
1.61242e-24
3.75509e-05
868.852    <--13
7.93065e-29
4.63873e+24
-1.94038
9.81144e-30
-3.73863e+29
-1.60722e+10
423.008
1.72485e-07
1.72485e-07
5.05524e-31
5.05522e-31
-5.92568e+20
-7.83699e+34
3.38808e-21
5.35473e+14
-3.09625e+32
2.34636e-38
3.23002e+38
2.89347e+17
4.07246e+31
2.14315e+32
2.18633e-19
1.41149e+28
1.41149e+28
2.00416
-nan
1.19435e-38
1.71386e+38
nan
-5.26787e-14
2.01451e+31
2.16049e-19
1.44921e+22
-1.16633e-38
1.16686e-38
-9.47296e-38
-2.62309e-38
8.35777e-05
8.35521e-05
6.26515e-39
-7.78785e+33
-1.04116e-37
2.20186e-38
-2.02113e+38
2.24845e+23
-7.14257e-10
1.94241e+38
3.57331e-43
1.70803e+38
4.76945e+37
2.05866e-38
5.14017e-30
-1.6694e+37
-1.55345e+37
747.957
1.47962e-23
1.47962e-23
-1.43246e+32
1.61199e-24
3.75509e-05
848.007    <--14
-2.77482e+27
2.15116e+22
1.05874e-38
1.52351e-29
-4.45664e+28
-1.84544e+10
3.1376e+06
0.0523046
0.0523046
5.05524e-31
5.05522e-31
-5.92568e+20
-7.83699e+34
3.38808e-21
3.46812e+11
6.34214e-30
1.20351e+18
-1.12703e+33
-1.16376e-10
-6.67232e+35
-1.25476e-29
-1.98845e-31
-0.0117026
-0.0117026
3.06433e-17
3.0605e-17
1.15842e-38
1.26248e+30
nan
0.00772764
2.5959e-39
-1.48513e-35
3.53767e+18
-nan
1.19443e-38
5.31488e+36
-2.62309e-38
43.325
43.3146
6.26855e-39
-7.78785e+33
-1.04116e-37
2.20186e-38
-2.02113e+38
-7.9881e+08
-3.79722e+27
1.92455e+38
929.837
-2.97059e+28
1.91134e+38
2.13535e-38
5.14238e-30
-2.86091e-15
-2.72911e-15
786.614
-1.9707
1.12781e-30
-1.207e+29
1.82879e-24
0.237793
825.55    <--15
7.93055e-29
4.63873e+24
-1.94038
2.12006e-29
-4.66127e+17
-2.11519e+10
7.90644e+08
43079.2
43079.2
-3.98771e+36
-7.61365e-06
-128.508
7.85791e-31
2.02821e+31
1.25879e+08
-1.00144e+06
3.71412e+32
-1.80325e+34
-2.36056e+21
2.20755e+12
-8.80938e-19
-3.10695e-33
-2.93501e-09
-2.93501e-09
2.00417
2.14889e-16
1.33406e-25
2.11685e-38
-1.48513e-35
2.38413e+34
1.02182e-38
-1.14906e-09
-6.49835e-22
-1.16633e-38
1.18525e-38
-2.99621e-36
-2.6231e-38
5.09387e+07
5.0934e+07
6.27217e-39
1.94696e+33
-1.04116e-37
2.20186e-38
-2.02113e+38
-3.93844e-23
1.16997e-05
-6.27489e-21
922.276
-2.48552e+27
-2.64443e-38
nan
5.14392e-30
-1.47017e+16
-1.4556e+16
827.411
-1.9707
1.12781e-30
-1.207e+29
1.82879e-24
0.237793
801.94    <--16
7.94606e-29
4.63873e+24
-1.94038
2.64268e-29
-6.10962e+22
-2.32857e+10
1.99184e+11
6.74627e+10
6.74627e+10
-3.98771e+36
-7.61342e-06
-128.508
7.85791e-31
2.02821e+31
31652.1
-1.01039e+06
3.71412e+32
-1.80325e+34
1.00948e-28
1.34734e+08
-3.95822e-09
1.18519e-38
1.15e-17
1.15e-17
2.00417
-3.27987e+38
1.19435e-38
1.71386e+38
nan
9.37136e+27
3.25059e+33
-8.04845e-28
3.53817e+18
-nan
1.19444e-38
-9.46957e-38
-2.61571e-38
1.16179e+14
1.16185e+14
6.27596e-39
1.94696e+33
-1.04116e-37
2.20186e-38
-2.02113e+38
1.69155e-13
9.67662e-30
-6.27494e-21
922.276
-2.48552e+27
-2.64773e-38
1.48482e+38
2.88093e-30
-1.02513e-32
-1.04742e-32
870.162
-1.9707
1.12781e-30
-1.207e+29
1.82879e-24
0.237793
777.218    <--17
-2.77488e+27
3.44001e+23
1.17192e-38
3.53015e-29
-2.13984e+21
4.92416e-24
6.98701e+29
2.27838e+17
2.27838e+17
-3.98771e+36
-7.61342e-06
-128.508
7.85791e-31
2.02821e+31
5.72696
-1.00544e+06
3.71412e+32
-1.80325e+34
0.124967
-4.15181e-25
-63.6239
-1.43424e-07
1.75969e-28
1.7597e-28
2.00417
-3.27987e+38
1.19435e-38
1.71386e+38
nan
5.46746e-22
9.9519e+32
-8.04845e-28
3.53817e+18
-nan
1.16689e-38
-1.51488e-36
2.64898e-23
5.17305e+20
5.1739e+20
6.27992e-39
1.94696e+33
-1.04116e-37
2.20186e-38
-2.02113e+38
-3.84613e-26
1.01894e+36
1.92455e+38
929.837
-7.42649e+27
-2.65082e-38
2.07387e-38
2.2767e-39
-1.29524e-05
-1.36326e-05
914.865
-1.9707
1.12781e-30
-1.207e+29
1.82879e-24
0.237793
751.414    <--18
7.94627e-29
4.63873e+24
2.32682e-38
4.17114e-29
-3.11963e+29
5.2344e-24
3.4387e+10
1.38275e+24
1.38275e+24
-3.98771e+36
1.00769e-28
-6.64371e-24
-1.9691e+28
-2.95144e+20
0.00070322
-1.00882e+06
3.71412e+32
4.18038e-35
5.49903e+11
8.62377e+09
-4.1728e+06
5.11754e+37
4.53447e+27
4.53449e+27
2.00418
-nan
1.19433e-38
8.50545e+37
nan
-3.90335e-26
9.85048e+32
-8.04845e-28
3.53817e+18
4.36223e-40
1.1669e-38
-2.36831e-38
2.64898e-23
3.91191e+27
3.91551e+27
6.28402e-39
-1.76311e-38
-1.03639e-37
nan
-2.01952e+38
-2.09403e+14
-200924
-6.27494e-21
901.461
-1.51703e+23
1.91938e+38
2.22041e-38
2.27921e-39
1.73359e-10
2.18447e-10
960.741
-1.91602
4.28731e-16
-3.60154e-38
-2.76609e+27
-3.97756e+28
725.032    <--19
1.62053e-38
9.16547e-41
1.17019e-38
4.73315e-29
-2.68384e+26
5.54459e-24
0.347855
1.2316e+31
1.2316e+31
-3.98771e+36
-7.62843e-06
-128.508
-7.83699e+34
3.38808e-21
6.79542e-08
1.21328e-29
1.20351e+18
-1.12703e+33
1.661e+35
-131588
-1.79443e+16
-1.99041e-24
3.03287e-30
3.03288e-30
2.00418
-nan
1.18517e-38
-1.86566e-37
nan
-9.78424e+17
9.1913e+32
-8.04845e-28
3.53817e+18
-nan
1.18527e-38
8.63469e+37
2.64899e-23
4.48653e+34
4.4937e+34
6.28823e-39
7.78674e+33
1.43952e-16
-3.05221e+23
-6.27489e-21
5.01224e+08
-1.51793e+28
1.98e+38
3.57331e-43
-1.6289e+32
-2.65512e-38
2.19121e-38
2.28531e-39
5.93416e-31
7.76697e-31
1008.21
-1.9707
1.12781e-30
-1.207e+29
1.82879e-24
0.237793
697.606    <--20
-2.77492e+27
8.80892e+22
1.05924e-38
6.03477e-29
-5.26132e+27
5.9585e-24
15.5063
2.04032e+38
2.04032e+38
-2.4339e+32
-3.35608e+33
600.58
6.35528e-30
1.22708e-38
4.68547e-12
1.21234e-29
1.20351e+18
2.95444e+38
-1.73404e-18
-1.62185e-27
-7.69674e+25
2.77422e+18
9.24906e-13
9.24913e-13
2.00418
-3.27987e+38
1.19435e-38
1.71386e+38
nan
-4.48998e+18
8.22788e+32
-8.04845e-28
3.53817e+18
-nan
1.18528e-38
9.36615e+37
2.64899e-23
-9.32212e-36
1.12781e-30
2.19489e-38
1.75305e+20
1.5846e-25
2.20186e-38
-2.02113e+38
-3.04202e+31
2.66593e-18
-2.24935e+30
931.789
1.47602e+25
2.0614e+25
-2.10176e-31
2.28961e-39
12445
-7.61339e-06
-3.97713e+28
1.82879e-24
669.068    <--21
-3.60159e-38
-2.76609e+27
-1.94939
1528
-2.91909e+26
9.35063e+24
761.473
-5.68323e-32
-5.68323e-32
6.16493e-24
61.0254
-3.27682e+38
1.19435e-38
7.85791e-31
2.08496e-16
-1.13367e+21
-7.83699e+34
3.38808e-21
-192501
-7.25744e+22
-1.35413e+36
4.81965e-17
-4568.66
-4568.69
-1.96948e+28
4.88047e+31
1.35156e+33
-1.04116e-37
1.71382e+38
-3.25824e-24
6.09147e+32
1.26248e+30
nan
0.00772764
5.7873e+32
8.63385e+37
3.53821e+18
-4.02746e-28
-4.03219e-28
9.3425e+37
2.64899e-23
-9.32212e-36
1.12781e-30
2.19489e-38
-4.38262e+19
-1.03687e-37
1.59349e+38
-2.02009e+38
6.18049e+34
2.66793e-18
2.14151e-38
612.055
3.10891
4.66413
-2.2996e-31
2.28961e-39
12445
-7.61339e-06
-3.97713e+28
1.82879e-24
639.419    <--22
-3.60842e-38
-2.76609e+27
-1.94939
1832
-1.44381e+20
7.00539e-24
33886.3
-3.55677e-24
-3.55677e-24
6.16493e-24
61.0254
-3.27682e+38
1.19435e-38
7.85791e-31
6.49369e-21
600.58
6.35528e-30
2.11724e+31
-8.60653e+27
1.15732e-35
5.00755e-32
4.59635e-23
-8.77394e+16
-8.77402e+16
-1.96948e+28
4.88047e+31
1.35156e+33
-1.04116e-37
1.71382e+38
4.31589e-32
5.93935e+32
2.11685e-38
-1.48513e-35
2.38413e+34
5.78732e+32
-3.75995e-37
3.53259e+18
-3.79643e-20
-3.80364e-20
9.34593e+37
2.64899e-23
-9.32212e-36
1.12781e-30
2.19489e-38
-3.15801e+36
-6.21472e+31
2.20186e-38
-2.02113e+38
-5.89418e+28
-1.45358e+22
-2.15936e-35
612.32    <--23
-1.01427e-26
12454.1
-7.61339e-06
2.10548e+06
9738.54
-7.61339e-06
-3.97713e+28
1.82879e-24
1.08041e-28
-4.0731e+22
1.97097e-24
515072
-4.4001e-16
-4.4001e-16
9.6523e+24
2981.89
-4.03219e-28
-4.03219e-28
6.16493e-24
1.43869e-25
-3.28295e+38
1.19435e-38
7.85791e-31
3.87054e-28
-2.60622e+33
8.63522e-22
-7.3786e+19
1.55594e-38
-nan
8.99784e-31
nan
2.83879e+12
2.03401e+18
-4072.79
-1.0206e+23
-1.0206e+23
-1.04115e-37
1.71382e+38
-2.67593e+32
1.16692e-38
-1.86521e-37
7.45339e-06
-5.26879e-14
-4.02744e-28
-4.03219e-28
3.53259e+18
1.18529e-38
-1.8798e-37
9.34228e+37
-8.30534e-10
-8.31966e-10
1.12591e-30
2.19489e-38
6.53061e+11
1.92831e+38
3.73787e+37
6.85049e+17
-2.4854e+32
-2.61861e+38
-nan
612.243    <--24
-2.66634e-38
2.08022e-38
-2.23652e-31
-9.85303e+26
-1.74012e+27
-5.36217e-06
-3.97713e+28
1.82879e-24
1.15141e-28
-1.42387e+20
2.02284e-24
568.645
2058.62
-4.03219e-28
3.06982e-17
1.41641e-28
-8.70467e+19
-1.36069e-28
8.7291e+07
-1.50035e-05
-1.50035e-05
1.19435e-38
7.85791e-31
3.87054e-28
-2.60622e+33
8.63522e-22
1.20022e-31
1.56082e-38
-nan
8.99784e-31
0.0172182
1.87004e-09
3.79781e-09
-4.90244e-32
1.18059e-27
1.1806e-27
-1.04115e-37
1.71382e+38
-2.67593e+32
1.16692e-38
-1.86521e-37
5.22635e-33
-1.0892e-13
-4.02744e-28
-4.03219e-28
-nan
1.19448e-38
-1.8799e-37
9.34229e+37
-0.346295
-0.347158
1.12625e-30
2.19489e-38
6.53061e+11
1.92831e+38
3.73787e+37
4.8206e+31
-2.48499e+32
-2.61861e+38
-nan
612.243    <--25
-2.66878e-38
1.97393e-38
-2.23754e-31
9.08308e+14
1.70949e+15
-5.79198e-06
-3.97713e+28
1.82879e-24
1.15141e-28
-1.42387e+20
2.02284e-24
535.385    <--26
2058.62
-4.03219e-28
7.42241e-24
1.68318e-28
-1.22499e+19
-1.49477e-28
3.96772e+09
-8625.51
-8625.51
1.19435e-38
7.85791e-31
3.87054e-28
-2.60622e+33
8.63522e-22
1.08926e-36
1.56082e-38
-nan
8.99784e-31
1.27048e+18
1.16874e-10
15.5627
-1.87013e-37
-0.0246259
-0.0246262
-1.04115e-37
1.71382e+38
-2.67593e+32
1.16692e-38
-1.86521e-37
-6.18342e-26
-1.0892e-13
-4.02744e-28
-4.03219e-28
-4.34924e-31
1.1853e-38
-7.51911e-37
9.34231e+37
-2.62473e+08
-2.62986e+08
1.12661e-30
2.19489e-38
6.53061e+11
1.92831e+38
3.73787e+37
-6.68993e+14
-2.48454e+32
-2.61861e+38
-nan
-3.17325e+27
-2.67112e-38
1.46298e+38
-2.2385e-31
3.27029
6.53916
-6.23623e-06
-3.97713e+28
1.82879e-24
1.15141e-28
-1.42387e+20
2.02284e-24
501.012    <--27
2058.62
-4.03219e-28
7.42241e-24
1.93561e-28
-8.65542e+15
-1.62889e-28
1.91657e+11
-9.81536e+12
-9.81536e+12
5.1739e+20
-3.98771e+36
-7.61342e-06
-128.508
7.85791e-31
-8.11278e+32
1.56082e-38
-nan
8.99784e-31
2.34362e+37
-1.44683e+17
2.67365e+11
65164.6
-8.00175e+21
-8.00183e+21
-6.5105e+19
2.00417
-3.27987e+38
1.19435e-38
1.71386e+38
-2.26399e-07
-1.0892e-13
-4.02744e-28
-4.03219e-28
-4.34924e-31
1.18531e-38
0
0
0
0
0
0
