988.3    <--0
33.57
560
-2.01953
-0
-0
6.36541e-25
4.59163e-41
0
0
1.77965e-43
1.17087e-38
1.70803e+38
1.70801e+38
1.43493e-41
2.98555e+33
2.04041e-35
9.86084e-32
3.52643e-38
-5.62963e+14
1.67132e+35
4911.98
-1.32921e+36
0
0
4.5559e-41
3.38953e+38
5.34438e-29
5.32736e-29
-3.67935e-39
2.29718e-27
1.02023e+22
6.66532e-40
1.99426
1.1709e-39
1.78144e-38
2.16625e-22
nan
1.06499e-43
0
1.16631e-38
1.70141e+38
-1.16633e-38
-1.51531e-39
8.02137e-15
7.65419e-06
4.4671e-11
6.12223e-28
-2.60591e+38
3.25216e-19
7408.12
nan
-2.01072e+38
9.02198e-41
0
1.70141e+38
0
1.70803e+38
5.05125e-29
5.05125e-29
9.78054e-39
988.3    <--1
33.3508
560.001
-1.92383
-2.49524e+27
-4.60197e+26
6.36787e-25
7.02541e-39
0
0
1.77965e-43
1.17087e-38
-1.51546e-39
-1.51531e-39
7.74658e+25
2.98587e+33
1.09033e-35
9.86806e-32
-6.08463e+31
-1.58697e+29
-4.10727e-32
2263.93
-1.32921e+36
0
0
4.5559e-41
3.38953e+38
5.06828e-29
5.05125e-29
-3.67934e-39
2.30981e-27
4.0474e+24
2.22774e-39
1.99426
5.02797e-39
2.15422e+14
-3.31886e+32
nan
1.06499e-43
0
1.16631e-38
1.70141e+38
-1.16633e-38
-1.51531e-39
8.02137e-15
7.65419e-06
-2.60019e-21
2.50766e-24
-2.60591e+38
5.72021e-06
118.428
2.1396e-38
-2.01075e+38
9.02198e-41
0
1.70141e+38
0
1.70803e+38
5.05125e-29
5.05125e-29
9.78054e-39
988.227    <--2
33.3539
560.002
-1.7832
7.89787e-38
-1.05216e+32
6.7062e-25
2.62558e-34
7.34695e-40
7.34695e-40
9.16547e-41
1.17058e-38
-1.51546e-39
-1.51531e-39
7.74706e+25
2.5912e+33
1.12624e-35
9.86565e-32
-5.03319e+07
-3.84885e-34
-9.66668e-35
1.38102e+15
3.81464e-06
1.73653e-18
1.73652e-18
2.34636e-38
3.11039e+38
5.10772e-29
5.05125e-29
-3.86301e-39
-3.01053e+23
4.76031e+29
5.74696e-40
2.00415
-nan
1.19408e-38
4.69075e-10
nan
7.07654e-39
7.07144e-39
-3.38955e+38
1.51116e+23
-4.68365e-38
-1.51567e-39
8.02137e-15
-1.01302e-28
-9.0603e+20
-4.02966e+36
6.24912e-39
-8.93438e-08
-9.93402e-38
2.23304e-38
-2.01271e+38
-7.10083e-33
-6.18893e-33
1.70858e+38
3.57331e-43
1.70803e+38
5.05125e-29
5.05125e-29
9.78054e-39
986.352    <--3
33.3524
560
-1.85352
4.51387e-34
-5.49344e+27
7.89908e-25
3.06962e-24
5.61183e-24
1.99372e-38
-1.51531e-39
7.74658e+25
1.52657e+33
-4.7041
7.74679e+25
1.52657e+33
1.09467e-35
9.8602e-32
985.489
1.0316e-25
-1.58398e-30
-1.82812
1.22777e-33
-9.3094e+29
-4.47786e+15
2.96544e-21
3.41637e-38
3.41637e-38
-2.19723e-25
-3.76086e-39
-2.19722e-25
7.83034e+24
-nan
8.00185e+32
-3.14281e+38
1.19415e-38
-1.44075e+17
1.50926e+23
-2.41667e-35
-2.11395e-34
6.1849e+11
-1.84276e-12
-1.84275e-12
-3.86573e-34
1.31424e-14
-3.86438e-34
-3.29611e+09
-4.02966e+36
-2.19094e+11
3.31279e+27
-9.99801e-38
-nan
-nan
1.19422e-38
1.23274e+27
2.54112e-29
1.29417e-37
1.29311e-37
1.08374e-38
1.8626e+27
9.78054e-39
987.056    <--4
33.3554
-140
2.16009e+14
1.37673e-34
-1.33105e+31
-1.40329e-05
1.74654e-27
1.59509e+38
1.99837e-38
-11022.3
-8369.5
6.631e+32
-4.7041
7.74667e+25
1.52657e+33
1.09467e-35
9.8602e-32
980.455
1.03161e-25
-1.58398e-30
-1.78125
1.94518e-32
-1.97265e+25
-5.75182e+15
2.50384e-09
6.9652e-37
6.9652e-37
-2.19723e-25
-3.71243e-39
-2.19722e-25
7.83034e+24
-nan
1.13641e+32
-3.1157e+38
1.19415e-38
-5.9013e+20
2.83938e-14
-6.33574e-30
-1.51208e-11
3.04939e-20
4.58485e-16
4.58482e-16
-3.86573e-34
1.31424e-14
-3.86438e-34
-3.29611e+09
-4.02966e+36
0.828308
5.2532e+26
-9.99801e-38
-nan
-nan
1.18509e-38
-1.51552e-36
2.54113e-29
5.67131e-36
5.66634e-36
1.08384e-38
1.8626e+27
9.78054e-39
986.352    <--5
33.3524
9.17504e+06
2.66242e-18
4.51383e-34
-5.49344e+27
-1.39593e-09
-1.02718e-37
1.38217e-36
1.99974e-38
-2.01347e+08
-1.403e+08
6.78451e+32
-4.7041
7.74667e+25
1.52657e+33
1.09467e-35
9.8602e-32
972.894
1.03163e-25
-1.58398e-30
-1.74219
1.18636e-31
-4.42954e+27
-7.08944e+15
1984.5
7.07276e-35
7.07276e-35
-2.19723e-25
-3.71243e-39
-2.19722e-25
7.83034e+24
-nan
6.61463e+30
-3.1169e+38
1.19415e-38
-5.9013e+20
9.21419e+18
-4.07258e+31
-1.05007e+12
-1.74089e+26
-0.0020711
-0.00207108
-3.86573e-34
1.31424e-14
-3.86438e-34
-3.29611e+09
-4.02966e+36
1.53157e-32
1.35561e+26
-9.99801e-38
-nan
-nan
1.19431e-38
-1.82879e-37
2.54114e-29
1.23565e-33
1.23401e-33
1.08397e-38
1.8626e+27
9.78054e-39
986.352    <--6
33.3524
1.94289e-15
-1.58685e-25
4.51383e-34
-5.49344e+27
-1.42949e-06
-1.03487e-37
9.05244e+27
2.00106e-38
-2.62216e+29
-1.70759e+29
6.99427e+32
-4.7041
7.74667e+25
1.52657e+33
1.09467e-35
9.8602e-32
962.806
1.03164e-25
-1.58398e-30
-1.72656
4.46812e-31
-2.47832e+26
-8.39126e+15
1.72458e+15
3.17862e-32
3.17862e-32
-2.19723e-25
-3.71243e-39
-2.19722e-25
7.83034e+24
-nan
1.57378e+29
-3.10049e+38
1.19415e-38
-3.86747e+25
1.00901e-28
-2.60645e+33
-1.96907e+28
-7.62347e-21
6.47407e+20
6.47402e+20
-3.86574e-34
1.3642e-14
-3.86438e-34
-3.29611e+09
-3.76719e-39
552963
1.91363e+25
-9.99801e-38
-nan
-nan
1.1576e-38
4.28501e+37
2.54114e-29
9.81505e-31
9.80241e-31
1.08415e-38
-2.82983e-37
9.78054e-39
986.352    <--7
2.96228e-14
-4.77456e-07
-0.000749328
4.51383e-34
-5.49344e+27
4.9646e-24
4.68851e+37
3.87464e+34
2.00142e-38
-2.04954e+17
-1.60846e+17
7.24384e+32
-4.7041
7.74669e+25
1.52657e+33
1.09467e-35
3.94758e-39
951.402
1.03175e-25
-1.58398e-30
-2.01562
5.85483e-31
-1.69868e+32
-8.67329e+15
2.37022e-06
3.17641e-29
3.17641e-29
-2.19723e-25
-3.7171e-39
-2.19722e-25
7.83034e+24
4.481e-13
2.94925e+27
-3.23346e+38
1.19415e-38
-3.77683e+22
5.8978e+20
7.47924e-09
-5.52476e+36
-4.05333e+16
1.15237e+31
1.15237e+31
-3.86574e-34
1.31979e-14
-3.86438e-34
1.29535e+33
-4.03884e+36
1.50995e+10
4.34214e+32
-9.99801e-38
-nan
-nan
1.15761e-38
4.28493e+37
nan
1.32043e-27
1.31944e-27
1.08433e-38
4.65649e+26
9.78054e-39
3.27663e+38    <--8
61.6245
3.9666e+28
-1.31815e+10
4.51383e-34
-5.49344e+27
-2.90089e+25
-1.0407e-37
nan
-2.02092e+38
0.00289419
0.00226182
7.51619e+32
-4.7041
7.74667e+25
1.52657e+33
1.09467e-35
3.94758e-39
938.679
1.03176e-25
-1.58398e-30
-1.99219
1.22643e-30
-1.53535e+26
1.8682e-24
0.487305
7.1524e-26
7.1524e-26
-2.19723e-25
-3.7153e-39
-2.19722e-25
7.83034e+24
4.481e-13
3.11824e+25
-3.22324e+38
1.19415e-38
-6.48854e+32
-6.04258e+23
-1.78324e-15
2.10032e-25
8.50694e+37
1.4082e-07
1.40819e-07
-3.86574e-34
1.3531e-14
-3.86438e-34
1.29535e+33
-4.03884e+36
-5.80286e+25
1.85606e+31
-9.99801e-38
-nan
-nan
1.15763e-38
-3.87974e-34
nan
5.0475e-24
5.04313e-24
1.08455e-38
1.9073e+30
9.78054e-39
3.27772e+38    <--9
61.6245
2.00262
9.68358e-30
4.51383e-34
-5.49344e+27
-1.07517e+15
1.88932e+38
2.19892e-38
-2.02227e+38
3.55443e+18
2.78084e+18
7.82737e+32
-4.7041
7.74667e+25
1.52657e+33
1.09467e-35
3.94758e-39
924.209
1.03179e-25
-1.58398e-30
-1.92187
2.36658e-30
-2.81634e+28
2.20348e-24
108800
4.40422e-22
4.40422e-22
-2.19723e-25
-3.71423e-39
-2.19722e-25
7.83034e+24
4.481e-13
1.75189e+23
-3.24245e+38
1.19415e-38
-1.03817e+34
1.44073e+17
0.00784327
9.93166e-10
1.12588e+15
-3.76033e-05
-3.76032e-05
-3.86574e-34
1.34755e-14
-3.86438e-34
-3.29611e+09
-4.02966e+36
1.2016e-26
1.29354e+31
-9.99801e-38
-nan
-nan
1.16683e-38
-3.74587e-37
nan
5.25786e-20
5.25421e-20
1.08479e-38
7.6292e+30
9.78054e-39
3.27772e+38    <--10
61.6245
2.66194e+36
-1.17058e-05
4.51383e-34
-5.49344e+27
-4.32205e+17
4.73771e+37
2.111e-38
-2.02362e+38
824.664
645.065
8.17716e+32
-4.7041
7.74668e+25
1.52657e+33
1.29535e+33
3.94758e-39
907.993
1.03178e-25
-1.58398e-30
-1.89062
4.24011e-30
-1.43139e+27
2.53955e-24
4.15236e+09
8.46421e-18
8.46421e-18
-2.19723e-25
-3.71423e-39
-2.19722e-25
7.83034e+24
4.481e-13
5.41098e+20
-3.25283e+38
1.19415e-38
-1.62214e+32
-2047.21
1.3798e+11
4.10419e+06
-1.32921e+36
3.39803e-39
3.39797e-39
-3.86575e-34
1.34199e-14
-3.86438e-34
-3.29611e+09
-4.02966e+36
-1.66095e+09
3.93395e+31
-9.99801e-38
-nan
-nan
1.19439e-38
-4.79437e-35
nan
1.67456e-15
1.67333e-15
1.08506e-38
7.6292e+30
9.78054e-39
986.352    <--11
33.3524
2.1503e+09
-5.39788e+13
4.51383e-34
-5.49344e+27
-1.18825e+29
-2.62427e-38
2.21815e-38
-2.02471e+38
-1.54405e+25
-1.27625e+25
8.56479e+32
-4.7041
7.74668e+25
1.52657e+33
1.09467e-35
3.90307e-39
890.216
1.03178e-25
-1.58398e-30
-2.10937
5.52203e-30
-5.05084e+29
2.72055e-24
0.105713
4.01754e-13
4.01754e-13
-2.19723e-25
-3.71961e-39
-2.19722e-25
7.83034e+24
2.27658e-13
1.05319e+18
-3.25486e+38
1.19415e-38
-2.64623e-23
-4.13909e+34
9.04212e+15
1.14352e+15
2.22042e-16
-1.99317e+20
-1.99317e+20
-3.86575e-34
1.40861e-14
-3.86438e-34
-3.29611e+09
-4.02966e+36
0.390626
2.90398e+31
-9.99801e-38
-nan
-nan
1.16685e-38
-1.88041e-37
nan
1.0698e-10
1.06949e-10
1.08534e-38
1.9073e+30
9.78054e-39
3.27772e+38    <--12
61.6245
-2.20191e+12
-785.423
4.51383e-34
-5.49344e+27
-393008
1.90282e+38
2.1982e-38
-2.0257e+38
1.42344e-37
1.30045e-37
8.9754e+32
-4.7041
7.74667e+25
1.52657e+33
1.29535e+33
3.94758e-39
871.313
1.03178e-25
-1.58398e-30
-1.89844
9.3677e-30
-3.2682e+30
3.05661e-24
140.5
3.86964e-08
3.86964e-08
-2.19723e-25
-3.71351e-39
-2.19722e-25
7.83034e+24
4.481e-13
1.30409e+15
-3.25185e+38
1.19415e-38
-2.65771e+36
5.4967e+11
-1.41296e+14
5.021e+30
1.80141e+16
1.24611e+13
1.24611e+13
-3.86576e-34
1.3531e-14
-3.86438e-34
-3.29611e+09
-4.02966e+36
2.34882e+08
3.31597e+31
-9.99801e-38
-nan
-nan
1.18523e-38
-3.58437e-37
nan
1.73178e-05
1.73112e-05
1.08565e-38
3.05168e+31
9.78054e-39
986.352    <--13
33.3524
4.0618e+31
6.52438e+37
4.51383e-34
-5.49344e+27
-4.30067e+15
1.90734e+38
-nan
-2.02705e+38
-3.52143e+15
-3.26948e+15
9.42364e+32
-4.7041
7.74668e+25
1.52657e+33
1.29535e+33
3.94758e-39
850.666
1.03177e-25
-1.58398e-30
7.82773e+31
1.43967e-29
-6.30583e+27
3.47654e-24
1.01786e+06
0.0105734
0.0105734
-2.19723e-25
-3.71423e-39
-2.19722e-25
3.27652e+38
4.48103e-13
8.88337e+11
-3.25179e+38
1.19415e-38
-4.05534e+31
-4.43911e-16
-2.36032e-38
-1.96065e-31
-4095.94
-5.87183e-31
-4.34995e-34
1.29535e+33
1.29535e+33
-1.4307e-17
-2.27292e-17
-2.27292e-17
-2.27292e-17
3.32188e+31
-9.99801e-38
-nan
-0.000112414
2.92872e+17
-3.13646e-27
6.43953e-27
-6.26236e+34
-6.26235e+34
1.08503e-38
7.6292e+30
9.78054e-39
986.352    <--14
33.3524
-1.34105e-36
-1.53051e+29
4.51383e-34
-5.49344e+27
-nan
-2.63401e-38
4.28377e+37
-2.02773e+38
239.302
239.263
7.1122e+32
-4.7041
7.74668e+25
1.52657e+33
1.09467e-35
683.942
2.41969e-30
1.03176e-25
-1.58398e-30
-1.94531
1.43786e-29
2.10298e-38
3.63462e-24
-3.99777e+27
-3.82846e+27
1.52477e-31
-2.19723e-25
-3.71556e-39
-2.19722e-25
7.83034e+24
4.481e-13
822.597
-3.23607e+38
1.19415e-38
-4.15267e+34
2.18846e-29
-4.25018e+23
-2.45761e-31
1.64414e+09
248098
248098
-3.86574e-34
1.36264e-14
-3.86438e-34
-3.29611e+09
-4.02966e+36
4.63147e+07
1.93698e+31
-9.99801e-38
-nan
-9.66875e+24
16519.7
-1.41479e-17
1.00618e-28
6.88777e-39
6.88777e-39
5.05122e-29
5.05125e-29
9.78054e-39
987.992    <--15
33.3589
-1.90985e-06
6.79038e+31
4.51383e-34
-5.49344e+27
-1.85661e+27
-2.63403e-38
5.29372e+36
-2.02773e+38
3.13142e+08
3.13111e+08
8.53398e+32
-4.7041
7.74668e+25
1.52657e+33
1.09467e-35
1.79291e+08
4.57014e-08
1.03176e-25
-1.58398e-30
-9.59402e+27
1.91414e+38
2.38829e+36
3.63623e-24
1.22154e-08
1.21186e-08
1.15572e-14
-2.19723e-25
-3.71602e-39
-2.19722e-25
7.83034e+24
4.481e-13
798.835
-3.23614e+38
1.19415e-38
-4.15267e+34
2.76101e-29
-8.76232e+19
-2.71917e-31
4.14457e+11
4.60256e+11
4.60256e+11
-3.86575e-34
1.36975e-14
-3.86438e-34
-3.29611e+09
-4.02966e+36
11141.3
1.95815e+31
-9.99801e-38
-nan
1.65393e-24
7.65898e-06
-2.4215e-07
nan
-6.27458e-37
-6.27458e-37
1.08511e-38
1.95307e+33
9.78054e-39
986.352    <--16
33.3524
-2.78054e-18
1.76727e+33
4.51383e-34
-5.49344e+27
-nan
1.18526e-38
-1.86527e-37
-2.02332e+38
8.06295e+14
8.06358e+14
8.53608e+32
-4.7041
7.74668e+25
1.52657e+33
1.09467e-35
2.15814e-27
1.01905e+36
1.03176e-25
-1.58398e-30
-9.59402e+27
-2.64816e-38
nan
2.37474e-24
-1.69106e+31
-1.73471e+31
1.21542e-14
-2.19723e-25
-3.71602e-39
-2.19722e-25
7.83034e+24
4.481e-13
773.959
-3.23611e+38
1.19415e-38
-4.15267e+34
3.64848e-29
-2.65637e+21
2.29471e-05
5.88229e+13
142695
-2.48481e+27
-3.88034e-34
1.37051e-14
-3.86438e-34
-3.29611e+09
194.021
4.78672e+24
-1012.01
0.00207651
-1.64943e-37
-1.64943e-37
2.53417e-29
-3.97668
3.50599e+13
4.19306e-32
1.0851e-38
23969.5
1.27407e+33
9.78054e-39
986.352    <--17
33.3524
1.92875e+37
-3.78748e-37
4.51387e-34
2.45973e+20
5.72731e+20
8.73919e+15
8.53288e+32
0.0728703
0.0728714
-298.481
-1.95016
-3.3125
-2.46285e+28
2.0637e+33
1.74613e+14
2.08255e+23
2.08255e+23
1.03176e-25
-1.58398e-30
-9.59402e+27
1.14834e-29
-5.05084e+29
0.00199777
-3.82229e-26
-3.8286e-26
2.33433e-37
5.49785e+11
4.41618e+07
-1.67119e+07
-1.37158e-21
4.48827e-32
4.48828e-32
-3.23607e+38
1.15742e-38
-1.03817e+34
8.80248e+24
-3.36866e+07
8.64712e+19
0.0535319
0.0728714
-2.34802e-20
1.07908e-39
1.36825e-14
-1.74798e-37
-3.29612e+09
5.59104e+26
5.59543e+26
1.9148e+25
-9.99801e-38
-nan
-nan
-3.28353e-24
-9.16783e-10
-3.97977e+33
3.87112e-08
3.86964e-08
-7.80238e+31
1.27464e+33
2.2273e-38
987.258    <--18
-194811
-244514
1.98373e+37
4.51383e-34
-5.49343e+27
-1.99384e+36
4.68761e+37
2.67668e+36
728.268
6.78137e-16
6.21549e-16
-1.86054
1.22538e+36
-8.86512e+27
2.15505e+33
0.207822
1.74742e+30
1.74742e+30
1.03176e-25
-1.58398e-30
-1.99219
1.43967e-29
-6.30583e+27
2.11232e-07
1.03143e+09
6.64514e-19
6.64514e-19
6.48735e+32
0.0411289
-1.12152e+15
0.000395331
-8.28838e-19
-8.28841e-19
-3.2409e+38
1.19415e-38
-2.59542e+33
9.66842e+24
-4.05488e-28
-5.45525e-10
9.44483e+32
6.2155e-16
6.21549e-16
-nan
1.36975e-14
1.71384e+38
-3.29612e+09
6.21658e+33
6.22537e+33
-269245
-1.68466e+29
-1.82812e+34
-1.83329e+34
4.19795e-32
-2.90611e+23
9.90513e-27
3.87112e-08
3.86964e-08
-1.24608e+35
1.95258e+33
2.16653e-38
987.508    <--19
-9.97884e-24
-1.29557e-23
7.94182e+31
4.51383e-34
-5.49344e+27
-nan
-2.63402e-38
-1.86536e-37
700.957
6.45067e+15
8.53288e+32
-3.8609e+30
1.53205e+36
-3.54605e+28
2.3173e+33
9.6756
2.68323e+37
2.68323e+37
1.03176e-25
-1.58398e-30
-9.59402e+27
1.14834e-29
3.82611e+37
1.43904e-11
6.59714e+10
1.11148e-16
1.11148e-16
-3.59994e-21
-1.23767e-37
-4.92955e+24
-nan
-3.74544e-09
-3.74547e-09
-nan
2.11134e+15
5.72726e+20
5.72731e+20
142696
-7.69909e-05
7.11235e+32
-5.87183e-31
-4.34995e-34
-nan
1.36826e-14
1.0496e+38
-3.29613e+09
-1.17703e-36
-1.17852e-36
-269342
-1.68466e+29
-1.82812e+34
-1.83329e+34
4.19795e-32
-2.18632e-13
1.74228e-13
-3.8286e-26
-1.76165e+18
-1.90123e+30
1.95416e+33
-8.83621e-35
987.773    <--20
-3.68306e+24
-5.09669e+24
-7.9292e-37
4.51387e-34
2.45973e+20
5.72731e+20
8.73919e+15
8.53288e+32
672.535
7.48099e-39
3.39797e-39
-1.95313
-5.84374
-3.65939e+25
2.48975e+33
449.619
-6.91117e-33
-6.91117e-33
1.0331e-25
1.49078e+13
-1.83329e+34
-1.83329e+34
1.11047e-14
7.22966e-16
1.26849e-05
1.28875e-05
1.20024e-14
-1088.01
5.06949e-34
-8.43772e+34
3.27652e+38
0.0689645
0.0689651
-nan
2.11134e+15
5.72726e+20
5.72731e+20
142696
1.8882e+35
5.60976e+32
-5.87183e-31
-4.34995e-34
-nan
1.36826e-14
8.43661e+37
-3.29613e+09
-4.81732e-29
-4.82318e-29
-269444
-1.68466e+29
-1.82812e+34
-1.83329e+34
4.19795e-32
6.60774e+10
3.77743e-32
-6.27458e-37
-6.27458e-37
1.08511e-38
1.27699e+33
-5.496e-36
612.023    <--21
-1.14907e-08
-1.71943e-08
-8.68088e-37
4.51387e-34
2.45973e+20
5.72731e+20
8.73919e+15
8.53288e+32
643.002
6.78142e-16
6.21549e-16
8.42477e+32
5.93741e-29
-1.18651e+23
6.90158e-24
21351.6
-4.01618e-25
-4.01618e-25
1.0331e-25
1.49078e+13
-1.83329e+34
-1.83329e+34
1.11047e-14
2.33441e-20
245.962
3.86964e-08
5.76621e-16
-2.0552e+25
2695.42
1.26137e-32
-7.9836e-32
-2.19339e-37
5.72726e+20
5.72731e+20
142696
2.10297e-38
3.99171e-26
1.13079e-08
3.26183e+35
-3.86576e-34
2.13391e+32
3.86964e-08
3.86964e-08
3.86964e-08
-3.71608e-37
-3.28998e+09
-4.00422e-26
-1.82813e+34
-1.83329e+34
1.12372e-22
-3.26919e+38
-9.66875e+24
16519.7
-1.3551e+36
63046.5
8.03047e-28
-3.36944e-35
-1.04478e+35
-1.04479e+35
-9.60666e+36
612.164    <--22
12771
2.4616e+20
5.72731e+20
3.59279e-25
2.45969e+20
5.72731e+20
8.73919e+15
200905
1.16692e-38
1.62099e+38
3.87564e-08
-4.82008e-17
-4.82778e-17
-9.33338e+23
7.16088e-24
71582.5
1.79472e+13
-1.83329e+34
1.11895e+30
-2.5454e+35
-9.59402e+27
1.14834e-29
3.82611e+37
1.92808e+38
-nan
8.50374e-16
-1.32058e+07
-2.19933e+07
5369.46
1.26137e-32
-7.9836e-32
-2.19339e-37
5.72726e+20
5.72731e+20
596.618
-1.03817e+34
8.80248e+24
-2.34352e+23
1.18731e-28
-1.34294e+22
2.00933e+32
3.78798e+06
-6.84498e-13
-6.84498e-13
-3.71608e-37
-3.28998e+09
-4.00422e-26
-1.82813e+34
-1.83329e+34
2.13635e-27
-nan
-9.66875e+24
64.5301
4.24081e-20
-0.000122544
3.52799e-18
4.69632e+07
-0.085322
-0.0853227
-9.60667e+36
612.164    <--23
12771
2.4616e+20
5.72731e+20
8.86037e-16
-9.68169e+27
-nan
-2.63402e-38
200905
1.18529e-38
8.6318e+37
3.87564e-08
-1.12512e-08
-1.12746e-08
7.77921e+25
1.52657e+33
1.09467e-35
3.22982e+24
7.13974e-10
1.03176e-25
-1.57845e-30
-2
4.43734e-31
3.82611e+37
-2.66671e-38
nan
8.50604e-16
-2.14201e+08
-3.8127e+08
-1.6696e-38
-2.19722e-25
7.83034e+24
4.481e-13
773.959
-3.23611e+38
1.20091e-39
-nan
2.52419e-29
-2.34338e+23
1.45553e-28
-2.94673e+14
2.22374e+32
1.80565e+08
-0.000215267
-0.000215267
-3.86438e-34
-3.29611e+09
-4.02966e+36
15.8379
1.94258e+31
2.53365e-32
-nan
-nan
16259.3
16.3115
-514.017
6.06885e-08
5.65298e-28
-7.85015e+36
-7.85022e+36
9.78074e-39
986.352    <--24
33.3524
1.92878e+37
2.23444e+32
-4.05419e+28
-9.48826e+27
-nan
-2.63402e-38
200905
1.1853e-38
-3.75967e-37
3.87565e-08
-5.00954
-5.02351
7.78261e+25
1.52657e+33
1.09467e-35
3.22982e+24
7.13974e-10
9.609e-35
-1.55308e+31
-9.59402e+27
1.14834e-29
713.039
-2.66906e-38
nan
8.50821e-16
1.35693e+07
2.57289e+07
-1.80269e-38
-2.19722e-25
7.83034e+24
4.481e-13
773.959
-3.23611e+38
-2.50703e+24
1.64919e-28
-1.51323e+18
2.37667e+32
2.36894e+09
-7.12017e-15
0.00385284
5.52049e-31
1.99066e+33
-2.19721e-25
7.83034e+24
4.481e-13
8.54411e-16
-0.051306
-5.51381e-15
-5.51379e-15
-2.86293e+19
-7.13346e-15
0.00385284
5.52049e-31
6.24492e-39
5.3141e+36
-1.87963e-37
-813.239
-2.42893e+07
-2.43526e+07
-4.04575e+36    <--25
9.95901e+32
1.78456e+11
-21495.9
-21475.3
3.9615e+23
1.18469e-38
5.31413e+36
3.87565e-08
-2.48185e+27
nan
2.03643e-38
1.35845e+07
1.08484e+36
2.15463e+36
2.14533e-23
71582.5
1.79472e+13
-1.83329e+34
56.4926
-2.5452e+35
505.093
1.14834e-29
713.039
-2.66906e-38
1.34701e-14
-9.62652e+11
3.43255e+09
1.13691e+11
-8.49653e+11
-8.49653e+11
-7.9836e-32
-2.19339e-37
5.72726e+20
5.72731e+20
588.645
-1.40227e+34
-1.51322e+18
2.37667e+32
2.36894e+09
6.64421e+35
2.72644e+09
1.68446e+10
-2.96631e+25
1.38999e-24
1.39001e-24
-3.29003e+09
-4.00422e-26
-1.82813e+34
-1.83329e+34
2.13635e-27
-4351.28
-7.12016e-15
0.00385284
5.52049e-31
6.24492e-39
3.52795e-18
5.29299e+36
-813.24
-3.39633e+16
-3.40381e+16
615.421    <--26
12771
2.4616e+20
5.72731e+20
4.31616e-14
5.37442e+11
6.23883e-39
5.31413e+36
3.87565e-08
513.235
-1.23823e-37
1.44749e+38
1.35886e+07
-9.09254e+11
-1.91407e+12
2.30398e-23
71582.5
1.79472e+13
-1.83329e+34
56.4926
-2.5452e+35
469.721
nan
8.50821e-16
7.25974e-39
1.62092e-14
-7.49901e+15
3.69964e+09
1.73316e+12
-1.74216e+21
-1.74216e+21
-7.9836e-32
-2.19339e-37
5.72726e+20
5.72731e+20
588.645
-2.57636e+23
-1.10986e+18
2.37667e+32
2.36894e+09
-2.64621e-23
-513.97
7.33522e+19
3.1713e-25
-2.62249e-11
-2.62252e-11
-3.29003e+09
-4.00422e-26
-1.82813e+34
-1.83329e+34
2.13635e-27
-3.48929e+09
3.56808e-32
-1.66078e-24
-9.16783e-10
-7.97175
3.52796e-18
3.32108e+35
-813.241
-1.00543e+26
-1.00895e+26
615.666    <--27
12771
2.4616e+20
5.72731e+20
4.31616e-14
-3.67733e-37
3.06038
1.16689e-38
2.67668e+36
-2.02773e+38
nan
2.00612e-38
1.3593e+07
-2.97645e-15
-6.62403e-15
2.46764e-23
71582.5
1.79472e+13
-1.83329e+34
56.4926
-2.5452e+35
433.241
nan
8.50821e-16
7.25974e-39
-1.59427e+18
-8.68554e+14
3.98498e+09
7.90366e+13
-6.97002e+30
-6.97002e+30
-7.9836e-32
-2.19339e-37
5.72726e+20
5.72731e+20
588.645
-2.14091e+12
7.51882e+19
-2.65637e+21
2.29471e-05
-1.27552e-05
650.034
1.24786e+30
24.5368
-1.92771
-1.92773
-3.29004e+09
-4.00422e-26
-1.82813e+34
-1.83329e+34
2.13635e-27
6.38903e+06
-2.42835e-37
2.53417e-29
-3.97668
3.50599e+13
3.52797e-18
8.36908e+37
-813.242
-5.59059e+35
-5.60716e+35
615.919    <--28
12771
2.4616e+20
5.72731e+20
4.31616e-14
1.47731e+23
-6.20487e+31
1.16977e-38
8.63247e+37
-2.02332e+38
-1.23996e-37
1.96819e-38
1.35971e+07
-4.39405e+33
-1.03428e+34
2.63631e-23
71582.5
1.79472e+13
-1.83329e+34
56.4926
-2.5452e+35
395.658
-1.82919e+34
1.11047e-14
1.06433e-13
3.1896e-28
-3.76027e+28
4.21938e+09
1.32913e+14
4.67295e-37
4.67295e-37
2.19453e-20
8.37422e-10
8.37423e-10
-3.23607e+38
1.19415e-38
-9.25355
4.67133e+24
-3.36866e+07
3.48246e-37
-2.09729e+06
1.30539e-23
8.37342e+35
4.86001e+29
8657.57
2.9429e+23
1.93633e+31
-9.99801e-38
2.51915e-29
-0.000732321
6.6494e+12
-4.77661e-38
2.21137e-38
-2.18267e+17
-2.18267e+17
-2.18267e+17
-2.18267e+17
-2.18267e+17
3.25244e+09
1.49535e-34
-8.59698e+15
1.93635e+31    <--29
-2.12634
2.23664e+22
2.23417e+22
2.23417e+22
6.66412e+12
6.98102e+10
-2.18267e+17
-2.18267e+17
-2.18267e+17
-2.18267e+17
27.5322
2.62862e+13
1.27935e+38
1.27935e+38
-1.16006e+26
-1.16007e+26
1.18868e+26
2.23418e+22
2.23417e+22
6.66412e+12
2.36526e-10
-1.90178e+34
-1.45815e+28
2.37183e-24
2.16924e+07
-5.00176e+17
-3.84543e+23
-4.23413
12528.1
5.5303e-27
5.5303e-27
4.481e-13
3.11824e+25
-3.22324e+38
1.19415e-38
-6.48854e+32
-2.40442e-11
1.22247e+30
1.37154e-17
4.29491e+09
-4.55615e+22
440.515
-7.56098e-32
-1.22008e+32
5.03291e-22
5.03289e-22
-4.02964e+36
-8.66864e-13
3.25259e+31
-9.99801e-38
-nan
-4.25058e+27
-1.77064e+17
-2.18267e+17
-2.18267e+17
-nan
8.26193e+20
1.11604e+38
-3.9805
7.58616e-22
7.58064e-22    <--30
12743.1
2.4616e+20
5.72731e+20
4.31616e-14
2.84519e-11
7.2931e-07
-2.15109e+14
nan
-2.02606e+38
6.76712e-16
-2.78174e-08
-1.86452
1.2799e+38
-2.97632e-06
-2.39479e-06
10.0445
2.68323e+37
2.68323e+37
1.03176e-25
-1.58398e-30
-9.59402e+27
318.048
27.532
27.5322
27.5322
-1.41223e+17
-1.82978e+28
-4.74557
243458
1.23291e-16
1.23291e-16
-8.59332e-19
-8.59335e-19
-3.23607e+38
1.19415e-38
-1.03817e+34
-2.75449e-23
-2.91151e+23
1.39992e+37
4.95059e+32
9.40041e-38
4.27002e+37
-8.43658e-22
-1.13138e-36
1.31091e+28
1.3109e+28
-6.89783e-33
-6.91117e-33
-269392
-1.68466e+29
-1.82812e+34
-1.1733e+36
8.94648e-32
6.60774e+10
3.77743e-32
-6.27458e-37
1.15777e-38
1.71369e+38
-3.98051
2.43615e-11
2.43493e-11    <--31
9.62307e-30
1.36138e-29
-8.11448e-37
4.51387e-34
2.45973e+20
-1.12951e-10
-2.53854e+35
8.53296e+32
672.535
7.48099e-39
-1.07307e-37
-1.49426e+35
1.28033e+38
12921.7
11409.5
8.38241e-36
1.79291e+08
-4.46262e-11
1.03176e-25
-1.58398e-30
-9.59402e+27
277.609
1.11048e-14
-3.81686e-26
-3.8286e-26
4.72001e-28
-8.03948e+25
-5.26575
2.07054e+06
5.63901e-06
5.63901e-06
-2.19339e-37
5.72726e+20
5.72731e+20
596.618
-1.03817e+34
-1.58927e-35
-2.91146e+23
6.52957e+35
-9.19856e+20
4.84708e-22
-3.88356e+25
-3.70836e-12
-2.18842e-11
0.0114279
0.0114279
-4.0042e-26
-1.82813e+34
-1.83329e+34
3.38409e-26
-nan
9.08286e+35
7.52128e-32
1.0851e-38
-3.8286e-26
0.275961
1.16696e-38
1.66753e+38
-3.98051
1.52574
1.52538    <--32
12751.9
2.4616e+20
5.72731e+20
4.06294e-15
-9.68169e+27
-5.11034e+11
-1.37545e+16
8.63247e+37
-2.02332e+38
-1.23996e-37
1.94286e+38
-1.51003e+35
1.28074e+38
2.19114e+11
2.10798e+11
50258.3
1.79472e+13
-1.83329e+34
-7.13036e-28
-2.5453e+35
-9.59402e+27
236.045
-8.34108e-38
2.37494e-24
2.20197e-14
5.58513e-28
-4.04625e+14
-5.79553
4.3713e+07
477767
477767
-2.19339e-37
5.72726e+20
5.72731e+20
596.618
-1.03817e+34
2.89833e+20
-2.67119e+21
2.29471e-05
-13695.8
9.68626e-06
1.70074e-21
-0.0634783
-1.6932e+15
-1.54622e-34
-1.54622e-34
-4.0042e-26
-1.82813e+34
-1.83329e+34
3.38409e-26
-nan
-4.46718e+15
7.52126e-32
1.0851e-38
-3.8286e-26
-6.27458e-37
1.19452e-38
-1.7404e-37
-3.98051
1.86083e+11
1.86102e+11    <--33
12756.5
2.4616e+20
5.72731e+20
4.31616e-14
-1.3436e+11
-7.29584e-07
-48.8244
8.53288e+32
0.0728703
1.80494e+13
-1.0746e-37
-9.48292e+36
1.28119e+38
-5.7878e+16
-6.04768e+16
55003.3
1.79472e+13
-1.83329e+34
56.4926
-2.5452e+35
433.241
193.376
1.11048e-14
-3.81686e-26
2.20471e-14
6.37825e-28
-2.02179e+22
-6.29669
8.75569e+08
8.18291e+16
8.18291e+16
-2.19339e-37
5.72726e+20
5.72731e+20
588.645
-1.397e+15
4.08714e-06
143113
0.0313627
-19102.8
4.3623e+10
0.00049016
-2.74734e+08
2.82846e-37
9.40807e+08
9.40808e+08
-4.00421e-26
-1.82813e+34
-1.83329e+34
2.13635e-27
-2.22322e-20
-1.36597e-19
7.63679e-32
1.0851e-38
-3.8286e-26
3.52797e-18
1.16697e-38
-9.46924e-38
-3.98052
4.34779e+22
4.35033e+22    <--34
12761.3
2.4616e+20
5.72731e+20
4.31616e-14
-1.3436e+11
1.34584e+13
-49952.6
8.53288e+32
0.0728703
1.80494e+13
1.94553e+38
1.47684e+38
-0.0129293
-5.98764e+19
-6.74103e+19
59872.4
1.79472e+13
-1.83329e+34
56.4926
-2.5452e+35
414.584
149.596
1.11048e-14
-3.81686e-26
-6.21786e-37
7.2106e-28
-2.24822e+20
-1747.95
1.32895e+10
3.391e+25
3.39124e+25
12762.5
2.4616e+20
5.72731e+20
-3.40178e+09
9.54092e+32
0.0728703
1050.61
0.0313627
-19102.7
1.71337e+38
27.5322
2.30261e+31
2.30477e+31
-6.61349e+19
-6.74103e+19
59872.4
1.79472e+13
-1.83329e+34
-1.23577e+32
-3.68334e+24
-1.83329e+34
4.19795e-32
-2.18632e-13
-3.82565e-26
-3.52715e-34
-2.1829e+17
2.65267e+32
3.14959e+32
2.15504e-16
1.23291e-16    <--35
-6.544e-19
-8.59335e-19
8.03788e+31
4.51383e-34
116.068
-4.64142e+26
-2.63403e-38
-3.81199e+31
0.0594941
-1.07563e+22
28.5618
5.80511e+10
1.84837e+37
1.84837e+37
1.52657e+33
1.09467e-35
3.94758e-39
951.402
1.03175e-25
-7.73892e+10
-1.83268e+34
287.818
1.1128e-14
4.15304e+34
4.57901e+20
-1.23228e+24
2.33351e-33
2.73263e+08
2.73265e+08
-2.19723e-25
7.83034e+24
4.481e-13
8.42228e+27
-3.23284e+38
-2.30621e+20
4.94051e+20
5.72731e+20
142696
-1.05511e+29
-19102.7
-1.68905e-37
27.5322
-1.46943e-34
-1.47099e-34
-6.09082e+25
-1.16007e+26
-1.33169e-15
3.16424e+22
2.23417e+22
6.28862e+36
-2.08994e+11
-5.36723e+08
7.52129e-32
1.0851e-38
-3.8271e-26
2.10044e-38
-2.18348e+17
0.205876
0.273915
1.14888e+06
-1.83398    <--36
-1.83398
-6.45326e+13
-7.38619e-25
-7.38619e-25
70.5933
-nan
-195.542
8.53288e+32
0.0659833
-3.11147e+23
30.1868
4.96621e+11
-1.51909e-28
-1.51909e-28
-1.16006e+26
-1.16007e+26
1.18868e+26
2.23418e+22
2.23417e+22
1.0551e+27
-1.83233e+34
287.818
1.1128e-14
-9.85887e-32
-1.41991e+10
-7.76446e+31
-2.50559e-24
1.35258e-38
-1333.99
-1.83398
-7.31857e-12
-9.90855e-38
3.34339e+20
-3.72451e+22
3.49738e+16
1.49688e+12
-6.67501e+35
1.63313e+32
27.5322
-2.52848e-27
1.00353e+06
27.5076
-2.52848e-27
-1.32986e-15
-3.86723e-34
-1.15806e+26
nan
-1.83339e+34
6.43663e+25
9.69658e+25
-7.2949e-11
1.30716e-38
1.95441e-38
-2.18374e+17
216673
1.63312e+32
24.2449
216673
-1.30471
1.20092e-38
3.29828e+11    <--37
-7.48573e+20
5.86824e+20
4.21564e+12
-2.30105e-16
-2.30105e-16
-2.64178e-30
-7.18051e+12
30.5571
1.30788e+12
1.9522e-38
3.12015e+07
1.36216e+07
1.27969e+38
2.76107e-15
2.4816e+27
2.79373e+38
-7.34998e+19
-1.70001e-34
-2.62771e-31
-6.56918e-32
5.51898e+11
-2.02073e+10
1.07451e-38
2.87998e-36
2.62527
3.46337e-09
-5.08328e+28
-4.36768
31328.2
1.12729e-38
1.86102e+11
-7.63329e-37
5.7273e+20
-2.0492e-10
-1.97074e-10
1.1726e-38
-291507
-6.05762e-36
-6.04296e-36
7.13427e-15
-7.11004e-15
nan
-7.55016e-32
-1.22008e+32
4.99092e+35
-4.29503e-37
-3.28559e-37
-1.83107e+34
2.53055e-30
-2.99172e+37
nan
-2.64175e-30
1.9544e-38
1.24898e-38
1.2398e-38
1.95156e-39
-19.0793
-515.983
-3.9805
-2.97308
4.22835e-28    <--38
-1.96e+19
3.65508e+20
6.23846e+06
-6.9962e-05
-5.92996e-05
5.79998e+13
-7.16931e+12
-1.54719e-33
-1.54719e-33
3.88056e-26
-2.15823e+24
-1.08352e+36
1.27967e+38
0.194293
-6.06709e+23
4.07295e+31
-1.26641e-32
5.13797e-11
-2.92356e+28
-2.47458e+07
5.51899e+11
-2.07442e+10
-nan
1.19408e-38
2.63966
1.71094
-4.98086e+22
-4.3518
31328.2
1.11811e-38
1.23123e-38
-7.692e-37
5.72727e+20
-10.0171
-7.67982
1.17323e-38
-1.50705e-20
-2.4812e-32
-2.47565e-32
7.13557e-15
6.02243e-36
97.1236
-3.73456e-32
-1.22008e+32
1.24773e+35
-4.3833e-34
-3.28117e-37
-1.8286e+34
1.74057e-13
-1.99951e+33
nan
-2.64175e-30
1.9544e-38
1.27653e-38
1.27653e-38
1.95156e-39
-56.7624
27.6323
-3.9805
-2.97308
2.19306e-28    <--39
-1.34749e+19
2.42706e+20
4.01196
-572561
-423494
5.79998e+13
-7.16905e+12
-2.47565e-32
-2.47565e-32
3.88056e-26
-3.07109e-37
-6.50756e+09
1.27967e+38
0.194293
3.97613e+28
1.78384e-15
4.10973
-1.83329e+34
-1638.13
1.3591e+38
5.519e+11
-2.16837e+10
1.28573e-38
1.28572e-38
2.62503
-9.14066e-35
-1.23027e+29
-4.35178
31328.2
1.10892e-38
1.27713e-38
-7.69193e-37
5.72724e+20
-1.41757e+10
-8.98009e+09
1.17377e-38
-1.50705e-20
-9.9248e-32
-9.90289e-32
7.13579e-15
3.85436e-34
-7.67717e-29
-3.73033e-32
-1.22008e+32
3.11926e+34
-1.11872e-31
-3.27675e-37
-1.82642e+34
-0.000705039
7.81145e+21
nan
-2.64175e-30
1.9544e-38
1.28572e-38
1.28572e-38
1.95156e-39
-89.6406
19.8672
-3.9805
-2.95746
1.24641e-28    <--40
-8.57493e+18
-3.94487e+13
3.40628e-06
-1.36801e+14
-8.40237e+13
5.79998e+13
-7.16797e+12
-9.90289e-32
-9.90289e-32
3.88056e-26
-55.0898
-8.46322e-32
1.27967e+38
0.0485733
6.04071e-36
-3.61861e+16
1.20774e-38
-2.81993e-07
1.34385e-30
-3.77559e-16
5.51901e+11
-2.11468e+10
1.28573e-38
1.28572e-38
2.62503
-2.29019e+28
-8.45345e+24
-4.35174
31328.2
1.09974e-38
1.32304e-38
-7.69186e-37
-269892
-5.63382e+17
-3.1044e+17
1.17422e-38
-9.41909e-22
-9.9248e-32
-9.90289e-32
7.13579e-15
-6.04855e+23
-1.35219e-15
-3.72213e-32
-1.22008e+32
7.79815e+33
-1.14258e-28
-3.27233e-37
-1.18072e-36
-0.170493
1789.96
nan
-2.64175e-30
1.9544e-38
1.28572e-38
1.28572e-38
1.95156e-39
-118.308
9.35698
-3.9805
-2.95746
7.65202e-29    <--41
-5.80072e+18
-437276
1.90117e-12
-1.00481e+21
-4.95485e+20
5.79998e+13
-7.1675e+12
-9.90289e-32
-9.90289e-32
4.08251e-26
-1.28383e+35
3.31404e-29
1.28245e+38
-3.75817e+24
32730.9
4.35402e-19
-14624.7
8.49213e-20
2.66819e-08
-4.15979e-10
5.51901e+11
-2.10734e+10
1.88084e-37
1.87352e-37
-2.76906e+06
0.000934608
-4.39272e-22
4.15594e-39
2.01978
8.42587e-39
1.15771e-38
1019.88
-269894
-2.34446e+24
-1.16126e+24
1.17461e-38
-3.76763e-21
-2.36626e-38
-2.39691e-38
7.24442e-15
1.70067e-21
-5.67631e-09
3.80759e-29
3.60081e-38
nan
4.78548e+37
2.24308e-38
-1.17945e-36
-2.56695e-15
1.01766e-16
nan
-2.64175e-30
1.9544e-38
1.92502e-37
1.9544e-37
1.1732e-38
-143.29
9.07962
-3.98052
-2.78558
2.20882e-29    <--42
-1.00399e+33
-329632
6.66926e-06
-3.7124e+27
-1.8175e+27
5.79998e+13
-7.16717e+12
-3.83539e-37
-1.5342e-36
nan
2.711e-26
4.11469e-29
1.28139e+38
1.13093e-11
-0.125041
6.96643e-18
-7.89665e-26
885.654
-7.49221
0.116817
5.51902e+11
-2.02073e+10
1.87347e-37
1.89563e-37
-2.62515
-9.42696e-29
8.14693e-15
2.54909e-29
-3.86301e-39
3.37494e-39
1.15769e-38
1.41981e-17
1.0532e+18
-3.4306e+30
-1.68306e+30
1.17498e-38
-2.29958e-25
1.71246e+38
1.73459e+38
2.8976e-14
-3.88364e+25
-7.72968e+30
-2.56627e+38
-1.22008e+32
1.49952
4.7677e+37
-3.53389e-37
3.31687e+25
-2.22565e-36
2.24556e-38
nan
-2.64175e-30
1.9544e-38
1.88093e-37
1.89563e-37
1.1732e-38
-165.086
9.07174
-3.98053
-1.86935
1.06004e-29    <--43
-6.4017e+31
3.81928
3142.5
-2.01773e+33
-9.93645e+32
5.79998e+13
-7.1669e+12
-9.58849e-38
-1.53416e-36
nan
1.31384e-13
1.29431e-28
1.28147e+38
2.51118e-27
1.19492e-07
1.66093e-24
1.24673e+25
845.232
-6.31184e+32
9.84208e+30
5.51903e+11
-1.99388e+10
1.92492e-37
1.92502e-37
-2.62515
-1.67646e+23
-1.18142e-28
-5.63294
31328.2
5.30357e-39
1.1944e-38
-1.67391e+35
1.05319e+18
-7.54201e+35
-3.71199e+35
1.1753e-38
-1.43724e-26
-7.63427e-41
-9.58763e-38
7.24442e-15
-1.70067e-21
6.70707e+12
-1.79804e-07
-1.22008e+32
1.15603e-33
-1.05008e-37
-3.60414e-37
3.31455e+25
3.94764e-23
-1.63566e-24
nan
-2.64175e-30
1.95439e-38
1.87352e-37
1.87352e-37
1.1732e-38
-184.053
9.02236
-3.98052
-1.75217
4.9797e-30    <--44
-2.63674e+32
-5.74445e+16
0.025191
-1.94062e+38
-9.5036e+37
5.79998e+13
-7.16663e+12
-2.29589e-40
-2.29592e-40
nan
0.0138838
6.64642e-29
-3.99757
-7.55633e+28
-4.45065e-16
-3.53197e+13
174.004
-3.29932e-06
-2.61574e+33
4.07084e+31
5.51887e+11
-1.96704e+10
1.89553e-37
1.89563e-37
-2.62515
-1.38841e-27
-134925
1.70299e+12
4.41618e+07
3.67376e-39
1.15765e-38
-0.0639408
1.0532e+18
3.00076e-37
2.85865e-43
1.73761e-43
1.66755e-43
1.55544e-43
1.4013e-43
5.89795e-27
