988.3    <--0
33.57
560
-2.01953
-0
-0
6.36541e-25
4.59163e-41
0
0
1.77965e-43
1.17087e-38
1.70803e+38
1.70801e+38
1.43493e-41
2.98555e+33
2.04041e-35
9.86084e-32
3.52643e-38
-5.62963e+14
1.67132e+35
4911.98
-1.32921e+36
0
0
4.5559e-41
3.38953e+38
5.34438e-29
5.32736e-29
-3.67935e-39
2.29718e-27
1.02023e+22
6.66532e-40
1.99426
1.1709e-39
1.78144e-38
2.16625e-22
nan
1.06499e-43
0
1.16631e-38
1.70141e+38
-1.16633e-38
-1.51531e-39
8.02137e-15
7.65419e-06
4.4671e-11
6.12223e-28
-2.60591e+38
3.25216e-19
7408.12
nan
-2.01072e+38
9.02198e-41
0
1.70141e+38
0
1.70803e+38
5.05125e-29
5.05125e-29
9.78054e-39
988.3    <--1
33.3508
560.001
-1.92383
-2.49524e+27
-4.60197e+26
6.36787e-25
7.02541e-39
0
0
1.77965e-43
1.17087e-38
-1.51546e-39
-1.51531e-39
7.74658e+25
2.98587e+33
1.09033e-35
9.86806e-32
-6.08463e+31
-1.58697e+29
-4.10727e-32
2263.93
-1.32921e+36
0
0
4.5559e-41
3.38953e+38
5.06828e-29
5.05125e-29
-3.67934e-39
2.30981e-27
4.0474e+24
2.22774e-39
1.99426
5.02797e-39
2.15422e+14
-3.31886e+32
nan
1.06499e-43
0
1.16631e-38
1.70141e+38
-1.16633e-38
-1.51531e-39
8.02137e-15
7.65419e-06
-2.60019e-21
2.50766e-24
-2.60591e+38
5.72021e-06
118.428
2.1396e-38
-2.01075e+38
9.02198e-41
0
1.70141e+38
0
1.70803e+38
5.05125e-29
5.05125e-29
9.78054e-39
988.242    <--2
33.3535
560.001
-1.80664
4.37138e-38
-6.84537e+31
6.67376e-25
7.95575e-35
5.51021e-40
5.51021e-40
9.16547e-41
1.17065e-38
-1.51546e-39
-1.51531e-39
7.74706e+25
2.62602e+33
1.12376e-35
9.86565e-32
-8.05311e+08
8.79015e+12
-8.62297e+09
3.40857e+14
2.88226e+17
6.78248e-21
6.78247e-21
2.34636e-38
3.12369e+38
5.10772e-29
5.05125e-29
-3.86301e-39
-1.84362e+25
5.80018e+29
5.74696e-40
2.00415
-nan
1.19408e-38
1.04154e-25
nan
6.61701e-39
6.61226e-39
-3.38955e+38
1.51116e+23
-4.68365e-38
-1.51567e-39
8.02137e-15
-2.41524e-35
9.96191e+32
-4.02966e+36
6.24912e-39
-3.48978e-10
-9.92684e-38
2.23347e-38
-2.01266e+38
-4.30508e-37
-3.77662e-37
1.70821e+38
3.57331e-43
1.70803e+38
5.0907e-29
5.05125e-29
9.78054e-39
986.43    <--3
33.3525
560
-1.8457
3.88193e-34
-4.45665e+28
7.8669e-25
7.80329e-25
1.91939e-38
1.91939e-38
9.16547e-41
1.17026e-38
-1.51546e-39
-1.51531e-39
7.74658e+25
1.16263e+33
1.0974e-35
9.86005e-32
-5.80288e+25
-0.00195142
-2.37026e+21
2.28454e+37
1.88892e+22
1.17492e-10
1.17492e-10
2.34636e-38
3.16356e+38
5.06828e-29
5.05125e-29
-3.67934e-39
9.32421e-17
8.42706e+26
-nan
2.00415
-nan
1.15746e-38
-4.90999e-32
nan
5.88226e-38
5.8777e-38
-3.38962e+38
2.47588e+27
-1.16633e-38
-1.51531e-39
8.02137e-15
3.52987e+13
0.191856
-1.00742e+36
6.24912e-39
-1.33114e-15
-1.01292e-37
1.56228e+38
-2.01463e+38
2.25366e-18
1.76363e-18
1.72976e+38
3.57331e-43
1.70803e+38
5.0907e-29
5.05125e-29
9.78054e-39
982.091    <--4
33.3551
560
-1.7207
1.02555e-32
-2.30259e+29
9.91857e-25
6.73239e-13
2.67441e-37
2.67441e-37
9.16547e-41
1.17019e-38
-1.51546e-39
-1.51531e-39
7.74658e+25
2.1192e+32
1.09966e-35
9.86005e-32
-8.85449e+20
-1.99816
1.70816e+38
-1.36614e-17
9.3131e-10
1.47898e+17
1.47898e+17
2.34636e-38
3.13698e+38
5.06828e-29
5.05125e-29
-3.67934e-39
-0.217775
5.81093e+25
-nan
2.00415
-nan
1.18508e-38
-6.0623e-36
nan
1.73042e-36
1.72816e-36
-3.38974e+38
6.1897e+26
-1.16633e-38
-1.51531e-39
8.02137e-15
1.55245e+26
-0.000187353
-1.00742e+36
6.24912e-39
-8.93401e-08
-1.02465e-37
2.18285e-38
-2.01656e+38
-2.09521e+17
-1.49586e+17
1.766e+38
3.57331e-43
1.70803e+38
5.05125e-29
5.05125e-29
9.78054e-39
975.225    <--5
33.3556
560
-1.70508
7.70367e-32
-4.2313e+25
1.23749e-24
0.541016
1.72113e-35
1.72113e-35
9.16547e-41
1.17019e-38
-1.51546e-39
-1.51531e-39
7.74658e+25
1.57899e+31
1.10637e-35
9.86005e-32
-8.64696e+17
1.61381e-27
-3.86715e-34
-260596
-2.12674e+37
-7.29873e-18
-7.29868e-18
2.34636e-38
3.13698e+38
5.06828e-29
5.05125e-29
-3.67934e-39
-2.2799e-06
7.99507e+25
-nan
2.00415
-nan
1.1943e-38
1.31314e+36
nan
2.42675e-34
2.42291e-34
-3.38993e+38
6.1897e+26
-1.16633e-38
-1.51531e-39
8.02137e-15
-32.104
-3.21857e+06
-1.00742e+36
6.24912e-39
-0.00585547
-1.03295e-37
1.53147e+35
-2.01853e+38
-2.99607e-09
-1.98912e-09
1.81694e+38
3.57331e-43
1.70803e+38
5.05125e-29
5.05125e-29
9.78054e-39
965.833    <--6
33.355
560
-1.7207
3.29717e-31
-1.04573e+26
1.47671e-24
4.60635e+11
5.05649e-33
5.05649e-33
9.16547e-41
1.17019e-38
-1.51546e-39
-1.51531e-39
7.74658e+25
4.89586e+29
1.10818e-35
9.86005e-32
-5.40435e+16
1.57591e-30
2.48571e+27
-1.96843e+28
-1.04856e+06
6.53673e-36
6.53667e-36
2.34636e-38
3.13698e+38
5.06828e-29
5.05125e-29
-3.67934e-39
4.7332e-29
2.13477e+25
-nan
2.00415
-nan
1.19433e-38
8.50548e+37
nan
1.49699e-31
1.49489e-31
-3.39017e+38
1.01412e+31
-1.16633e-38
-1.51531e-39
3.20855e-14
1.90982e-06
3.96697e-26
-1.00742e+36
6.24912e-39
-3.1152e+34
4.68761e+37
8.91206e-38
-2.01952e+38
2.59945e+38
1.88081e+38
1.88081e+38
3.57331e-43
1.70803e+38
5.05125e-29
5.05125e-29
3.90307e-39
954.593    <--7
33.3585
560
-2.20703
4.5298e-31
-5.71933e+29
1.54771e-24
5.30854e-07
4.63598e-30
4.63598e-30
9.16547e-41
1.17108e-38
-1.51546e-39
-1.51531e-39
2.27652e-13
9.15671e+27
1.14343e-35
9.86005e-32
5.6424e-37
0.000488337
-5.38936e+08
-3.30837e+32
-8.07782e-28
1.46945e-39
1.46939e-39
2.34636e-38
3.33636e+38
5.06828e-29
5.05125e-29
-3.67934e-39
2.43007e-12
1.10339e+31
-nan
2.00415
-nan
1.15761e-38
-1.88042e-37
nan
1.65047e-28
1.64925e-28
-3.39043e+38
9.90352e+27
-1.16633e-38
1.92074e+38
8.02116e-15
-32.0415
-6.34678e-25
-1.00742e+36
6.24912e-39
-383.768
4.7024e+37
-nan
-2.02056e+38
-1.0652e-11
-8.33757e-12
1.94966e+38
3.57331e-43
1.70803e+38
5.0907e-29
5.03026e-29
3.90306e-39
942.352    <--8
33.3652
560
-1.9082
1.00456e-30
-9.03209e+30
1.77704e-24
0.0216675
7.57703e-27
7.57703e-27
9.16547e-41
1.17033e-38
-1.51546e-39
-1.51531e-39
2.27652e-13
1.16805e+26
1.14709e-35
9.86005e-32
-6.38033e+37
-511.967
131592
1.37553e-29
9.53661e-07
-2.88011e-32
-2.8801e-32
2.34636e-38
3.24332e+38
5.06828e-29
5.05125e-29
-3.67934e-39
-3.18761e+22
4.95705e+30
-nan
2.00415
-nan
1.16681e-38
-1.86568e-37
nan
4.56425e-25
4.55887e-25
-3.39073e+38
1.01412e+31
-1.16633e-38
-1.51531e-39
8.02137e-15
6.34647e+29
804496
-1.00742e+36
6.24912e-39
-2.63771e+13
4.71915e+37
2.18737e-38
-2.02191e+38
-4.03311e-23
-3.15573e-23
2.02843e+38
3.57331e-43
1.70803e+38
5.05125e-29
5.03026e-29
3.90306e-39
928.362    <--9
33.3642
560
-1.8457
1.97214e-30
-4.33285e+28
2.11314e-24
4464
3.72443e-23
3.72443e-23
9.16547e-41
1.17036e-38
-1.51546e-39
-1.51531e-39
2.27652e-13
7.83618e+23
1.15322e-35
9.86005e-32
-6.08476e+31
0.0312384
4.05488e-28
5.66213e-14
5.04864e-29
-1.09672e+16
-1.09671e+16
2.34636e-38
3.20344e+38
5.06828e-29
5.05125e-29
-3.67934e-39
1.98953e-11
4.38186e+31
-nan
2.00415
-nan
1.18519e-38
-1.87281e-37
nan
3.71335e-21
3.70882e-21
-3.39107e+38
2.5353e+30
-1.16633e-38
-1.51531e-39
8.02137e-15
6.19773e+26
1.06466e-17
-1.00742e+36
6.24912e-39
-2.83268e+22
1.89358e+38
3.95926e+37
-2.02326e+38
1.33615e+07
1.04395e+07
2.11737e+38
3.57331e-43
1.70803e+38
5.05125e-29
5.03026e-29
3.90306e-39
912.628    <--10
33.3629
560
-1.86914
3.52521e-30
-3.87238e+24
2.44936e-24
1.82976e+08
5.05269e-19
5.05269e-19
9.16547e-41
1.1704e-38
-1.51546e-39
1.92069e+38
2.27652e-13
2.85831e+21
1.15019e-35
9.86005e-32
-2.37686e+29
-2.84077e-14
9.04212e+15
254.004
-5.96038e-08
-7.87848e+26
-7.87844e+26
2.34637e-38
3.20344e+38
5.06828e-29
5.05125e-29
-3.67934e-39
7.22226e-35
1.23765e+32
-nan
2.00415
-nan
1.18521e-38
4.28402e+37
nan
8.99112e-17
8.98343e-17
-3.39144e+38
6.33825e+29
-1.16633e-38
-1.51531e-39
8.02137e-15
-2.52763e-29
1.51285e-31
-1.00742e+36
6.24912e-39
-4.53239e+23
-2.62384e-38
3.86768e+37
-2.02461e+38
-0.82624
-0.651354
2.21644e+38
3.57331e-43
1.70803e+38
5.05125e-29
5.05125e-29
3.90306e-39
895.176    <--11
33.3631
560
-1.93164
5.54667e-30
-8.56664e+29
2.72057e-24
4.30965e+08
2.03347e-14
2.03347e-14
9.16547e-41
1.17051e-38
-1.51546e-39
-1.51531e-39
2.27659e-13
6.15121e+18
1.1507e-35
9.86005e-32
9.02785e-36
-3.69022e+19
7.65898e-06
2.73431e+11
1.6777e+07
-1.55237e-10
-1.55236e-10
2.34637e-38
3.38953e+38
5.06828e-29
5.05125e-29
-3.77117e-39
-1.84318e-34
1.53555e+32
-nan
2.00415
2.52552e-40
1.15766e-38
-9.47368e-38
nan
4.92386e-12
4.92192e-12
-3.39185e+38
4.25353e+37
-1.16633e-38
-1.51531e-39
8.02137e-15
2.58829e-26
-2.10841e+11
-1.00742e+36
6.24912e-39
-4.22043e+14
4.75381e+37
2.233e-38
-2.02533e+38
-2.87118e-06
-2.60341e-06
2.32232e+38
3.57331e-43
1.70803e+38
5.05125e-29
5.03026e-29
3.90306e-39
876.685    <--12
33.363
560
-1.7832
8.13509e-30
-9.86491e+27
2.96617e-24
31.4375
1.48568e-09
1.48568e-09
9.16547e-41
1.17019e-38
-1.51546e-39
1.92069e+38
2.27652e-13
8.57509e+15
1.15006e-35
9.86005e-32
-2.37686e+29
0.00195216
32.127
3.07709e+26
262140
-1.38441e+28
-1.38441e+28
2.34637e-38
3.16356e+38
5.06828e-29
5.05125e-29
-3.67934e-39
-3.05475e-07
1.11089e+32
-nan
2.00415
-nan
1.19441e-38
2.12611e+37
nan
5.82143e-07
5.81918e-07
-3.39229e+38
2.5353e+30
-1.16633e-38
-1.51531e-39
8.02137e-15
1.03981e+34
-5.79498e+22
-1.00742e+36
6.24912e-39
-7.42632e+27
-2.63388e-38
3.72005e+28
-2.02668e+38
2.17581e+14
2.01585e+14
2.43702e+38
3.57331e-43
1.70803e+38
5.05125e-29
5.05125e-29
3.90306e-39
856.519    <--13
33.3628
560
-1.86133
1.24245e-29
-3.2651e+28
3.30241e-24
45184
0.000299883
0.000299883
9.16547e-41
1.1704e-38
-1.51546e-39
1.92069e+38
2.27652e-13
7.04737e+12
1.14725e-35
9.86005e-32
-3.71384e+27
-2.5228e-29
-2.60614e+33
-1.19432e-35
2.12674e+37
-2.32657e+29
-2.32656e+29
2.34637e-38
3.20344e+38
5.06828e-29
5.03026e-29
-3.67934e-39
2.59474e+30
9.90459e+31
-nan
2.00415
-nan
1.18524e-38
8.6355e+37
nan
0.202435
0.202386
-3.39277e+38
6.33825e+29
-1.16633e-38
-1.51531e-39
8.02137e-15
-9.91637e+27
6.07583e+28
-1.00742e+36
6.24912e-39
-4.64135e+26
-2.6397e-38
1.4663e+38
-2.02804e+38
-0.00311747
-0.00294085
2.56184e+38
3.57331e-43
1.70803e+38
5.05125e-29
5.05125e-29
3.90306e-39
834.628    <--14
33.3633
560
-1.93164
1.93271e-29
-8.42478e+24
3.89018e-24
3.28204e+08
176.262
176.262
9.16547e-41
1.17047e-38
-1.51546e-39
-1.51531e-39
2.27652e-13
3.15431e+09
1.14749e-35
9.86005e-32
-1.5577e+34
-8.5878e+09
4.558e-41
-5.23199e-23
-3.72524e-09
-1.12366e-11
-1.12366e-11
2.34637e-38
3.28319e+38
5.06828e-29
5.05125e-29
-3.67934e-39
-1.48767e+07
7.01222e+31
-nan
2.00415
-nan
1.1577e-38
-1.51521e-36
nan
181564
181537
-3.39328e+38
1.03846e+34
-1.16633e-38
-1.51531e-39
8.02137e-15
8.60108e+09
1.01924e+36
-1.00742e+36
6.24912e-39
-7.42632e+27
1.91284e+38
5.98787e+35
-2.02892e+38
-0.203417
-0.197992
2.69492e+38
3.57331e-43
1.70803e+38
5.05125e-29
5.05125e-29
3.90306e-39
811.45    <--15
33.3636
560
-1.93164
2.40602e-29
-6.91759e+19
4.32912e-24
1.52002e+10
2.20518e+08
2.20518e+08
9.16547e-41
1.17054e-38
-1.51546e-39
-1.51531e-39
2.27652e-13
912736
1.14806e-35
9.86005e-32
-3.89424e+33
-nan
-5.38985e+08
-9.04164e-13
-2.32827e-10
-1.60879e+28
-1.60879e+28
2.34637e-38
3.2699e+38
5.06828e-29
5.05125e-29
-3.67934e-39
-2.57832e+17
4.0886e+32
-nan
2.00415
-nan
1.1577e-38
1.07072e+37
nan
3.14225e+11
3.14225e+11
-3.39382e+38
6.49037e+32
-1.16633e-38
-1.51531e-39
8.02137e-15
-2.35404e-38
2.53679e-24
-1.00742e+36
6.24912e-39
-2.97059e+28
1.91523e+38
2.09306e-38
-2.02975e+38
0.206518
0.208246
2.83449e+38
3.57331e-43
1.70803e+38
5.05125e-29
5.05125e-29
3.90306e-39
787.159    <--16
33.366
560
-1.93164
3.19488e-29
-5.71856e+21
4.74367e-24
3.8397e+12
5.3072e+14
5.3072e+14
9.16547e-41
1.17054e-38
-1.51546e-39
-1.51531e-39
2.27652e-13
186.391
1.15471e-35
9.86005e-32
-3.89424e+33
7.27393e-12
-1.11463e-16
-0.0153501
1023.99
-3.10753e-12
-3.10753e-12
2.34637e-38
3.2699e+38
5.06828e-29
5.05125e-29
-3.67934e-39
-5.93278e-16
2.14571e+32
-nan
2.00415
-nan
1.16689e-38
2.12583e+37
nan
1.07789e+18
1.078e+18
-3.39438e+38
6.49037e+32
-1.16633e-38
-1.51531e-39
8.02137e-15
-1.52461e-41
-8.23133e+08
-1.00742e+36
6.24912e-39
-2.97059e+28
1.91757e+38
2.02562e-38
-2.03063e+38
0.000823475
0.000855362
2.9805e+38
3.57331e-43
1.70803e+38
5.05125e-29
5.05125e-29
3.90306e-39
761.756    <--17
33.3657
560
-1.93945
4.04291e-29
-2.62868e+20
5.18311e-24
1.72843e+15
2.58968e+21
2.58968e+21
9.16547e-41
1.17054e-38
-1.51546e-39
-1.51531e-39
2.27652e-13
0.02528
1.15842e-35
9.86005e-32
-1.5577e+34
2.19848e+12
-1.91486e-06
-1.67119e+07
-2.01946e-28
-2.71418e+23
-2.71418e+23
2.34638e-38
3.28319e+38
5.06828e-29
5.05125e-29
-3.77117e-39
6.19595e-12
9.90119e+32
-nan
2.00415
6.8878e-41
1.18526e-38
1.7139e+38
nan
7.34004e+24
7.34457e+24
-3.39497e+38
1.06338e+37
-1.16633e-38
-1.51531e-39
3.20855e-14
-2.58829e-26
1.38081e+16
-1.00742e+36
6.24912e-39
7.39666e-32
1.9185e+38
8.64282e-35
-2.03099e+38
-2.50369e-21
-3.11834e-21
3.13186e+38
3.57331e-43
1.70803e+38
5.05125e-29
5.05125e-29
3.90306e-39
735.587    <--18
33.3653
560
-1.97852
4.41762e-29
-5.22914e+30
5.36385e-24
0.143066
1.96083e+28
1.96083e+28
9.16547e-41
1.17076e-38
-1.51546e-39
-1.51531e-39
2.27652e-13
2.80159e-06
1.15506e-35
9.86005e-32
-5.94214e+28
1.54662e+26
2.53414e-29
-1.10813e+12
-5.19223e+33
7.12474e+22
7.12476e+22
2.34638e-38
3.24332e+38
5.06828e-29
5.03026e-29
-3.67934e-39
-2.04612e-30
5.68583e+32
-nan
2.00415
-nan
1.18527e-38
1.71387e+38
nan
6.75804e+31
6.76464e+31
-3.39557e+38
1.01412e+31
-1.16633e-38
-1.51531e-39
8.02137e-15
-5.77208e+17
1.16944e-05
-1.00742e+36
6.24912e-39
-3.04201e+31
-2.65397e-38
-9.46125e-29
-2.03188e+38
2.01271e+08
2.59316e+08
3.28722e+38
3.57331e-43
1.70803e+38
5.05125e-29
5.05125e-29
3.90306e-39
708.58    <--19
33.3653
560
-1.98633
5.40369e-29
-7.55585e+25
5.80329e-24
6.76562
2.65427e+35
2.65427e+35
9.16547e-41
1.17058e-38
-1.51546e-39
-1.51531e-39
2.27652e-13
2.12758e-10
1.15572e-35
9.86005e-32
-1.5577e+34
-1.61519e-27
4.55814e-41
-1.92048e+22
-1.98068e+28
1.08802e+12
1.08803e+12
2.34638e-38
3.28319e+38
5.06828e-29
5.05125e-29
-3.67934e-39
-1.77636e-13
4.82382e+32
-nan
2.00415
-nan
1.16691e-38
-9.76473e-38
nan
-9.02349e-39
-9.04593e-39
-3.3962e+38
6.49037e+32
-1.16633e-38
-1.51531e-39
8.02137e-15
2.9841e-08
1.47583e-34
-1.00742e+36
6.24912e-39
-2.90079e+25
1.92276e+38
-8.70428e-38
-2.03271e+38
6.31905e+34
8.53319e+34
nan
3.57331e-43
1.70803e+38
5.05125e-29
5.05125e-29
3.90306e-39
680.464    <--20
33.3654
560
-1.94727
6.98141e-29
-3.33668e+26
6.21668e-24
103.25
-5.69976e-35
-5.69976e-35
9.16547e-41
1.17054e-38
-1.51546e-39
-1.51531e-39
2.27652e-13
1.15856e-14
1.15664e-35
9.86005e-32
-2.49232e+35
-0.00195273
1.86998e-09
-8.23995e+31
-2.38415e-07
-0.0672555
-0.067256
2.34638e-38
3.2699e+38
5.06828e-29
5.05125e-29
-3.67934e-39
2.65846e+38
5.30553e+32
-nan
2.00415
-nan
1.16691e-38
-1.32918e-37
nan
-3.62488e-31
-3.62923e-31
-3.39685e+38
6.49037e+32
-1.16633e-38
-1.51531e-39
8.02137e-15
3.87358e+25
-3.45059e+15
-1.00742e+36
6.24912e-39
-1.16034e+26
1.92478e+38
2.03742e-38
-2.03359e+38
6.69136e-19
9.7667e-19
nan
3.57331e-43
1.70803e+38
5.05125e-29
5.05125e-29
3.90306e-39
651.236    <--21
33.3653
560
-1.93164
8.48024e-29
-2.78056e+25
6.69479e-24
4752
-2.82192e-27
-2.82192e-27
9.16547e-41
1.17054e-38
-1.51546e-39
-1.51531e-39
2.27652e-13
4.07185e-19
1.15715e-35
9.86005e-32
-1.5577e+34
-3.68843e+19
-514.017
1.19728e-35
3.32302e+35
-6.53304e-17
-6.53309e-17
2.34638e-38
3.2699e+38
5.06828e-29
5.05125e-29
-3.67934e-39
5.20773e-31
6.37035e+32
-nan
2.00415
-nan
1.18528e-38
-1.04253e-37
nan
-2.49476e-23
-2.4981e-23
-3.39752e+38
6.49037e+32
-1.16633e-38
-1.51531e-39
8.02137e-15
-1.50658e-36
-2.15629e+14
-1.00742e+36
6.24912e-39
-7.42632e+27
1.92665e+38
nan
-2.03442e+38
12765.4
20131.3
nan
3.57331e-43
1.70803e+38
5.05125e-29
5.05125e-29
3.90306e-39
620.897    <--22
33.3652
560
-1.93164
9.93964e-29
-6.54289e+19
7.52167e-24
223744
-2.75502e-19
-2.75502e-19
9.16547e-41
1.17054e-38
-1.51546e-39
-1.51531e-39
2.27652e-13
1.0386e-23
1.15654e-35
9.86005e-32
-3.89424e+33
1.50421e-36
128.492
2.05959e-25
0.999986
2.46803e-34
2.46805e-34
2.34638e-38
3.2699e+38
5.06828e-29
5.05125e-29
-3.67934e-39
2.01864e+12
6.29429e+32
-nan
2.00415
-nan
1.16692e-38
1.68733e+38
nan
-3.37628e-15
-3.38138e-15
-3.39823e+38
6.49037e+32
-1.16633e-38
-1.51531e-39
8.02137e-15
1.70362e+38
-1.59082e+34
-1.00742e+36
6.24912e-39
-2.97059e+28
1.92852e+38
nan
-2.0353e+38
-9.55016e+23
-1.61415e+24
nan
3.57331e-43
1.70803e+38
5.05125e-29
5.05125e-29
3.90306e-39
589.447    <--23
33.3652
560
-1.93164
1.25429e-28
-3.3389e+21
8.40156e-24
1.05185e+07
-5.17687e-11
-5.17687e-11
9.16547e-41
1.17054e-38
-1.51546e-39
-1.51531e-39
2.27652e-13
1.72215e-28
1.15654e-35
9.86005e-32
-3.89424e+33
1.77586e-15
-1.01372e-28
8.79503e-16
1.20369e-35
-4.20054e+23
-4.20057e+23
2.34639e-38
3.2699e+38
5.06828e-29
5.05125e-29
-3.67934e-39
1.21119e+12
6.29429e+32
-nan
2.00415
-nan
1.18529e-38
4.28295e+37
nan
-1.30808e-17
-1.16631e-38
-1.92074e+38
4.53878e+15
-1.16679e-38
-1.51531e-39
8.02137e-15
1.70362e+38
-1.59193e+34
2.01179e-38
6.26149e-39
9.63928e-36
1.73994e-35
1.69916e-38
-2.03593e+38
1.01069e+30
1.70248e+38
5.05125e-29
-2.35106e-38
1.85057e+38
5.05125e-29
5.05125e-29
3.90306e-39
769.414    <--24
-7.92408e+19
718.039
4.82869e+08
-0.0194991
-0.0194991
8.81424e-24
4.07634e+07
1.89534e-39
-1.51546e-39
9.14992e-41
1.98134e-33
-1.51546e-39
-1.51531e-39
2.27652e-13
223548
1.03167e+09
1.54976e-05
-3.98771e+36
96.1295
96.1304
2.256e-13
2.11755e-22
1.65035e-26
5.06828e-29
2.3424e-38
1.11322e-31
9.59514e-29
5.05125e-29
-3.67934e-39
1.45664e+16
1.19448e-38
2.67638e+36
2.00416
-472.616
-473.531
4.27896e+37
nan
-1.30808e-17
-1.16631e-38
-1.92074e+38
1.30257e-26
-1.55302e+31
-1.51531e-39
8.02137e-15
-3.94942e-31
-1.59297e+34
2.04658e-38
6.26759e-39
-1.09995e-20
-2.11356e-20
1.83322e-38
-2.03593e+38
1.01069e+30
1.70248e+38
5.05125e-29
-2.35106e-38
523.213
5.05132e-29
5.05125e-29
3.90306e-39
903.999    <--25
-7.14944e+11
782.336
7.39036e+09
-1.42078e+07
-1.42078e+07
8.81424e-24
4.07634e+07
1.89534e-39
-1.51546e-39
9.14992e-41
1.54077e-38
-1.55664e-39
-1.51531e-39
2.27652e-13
3.8675e+25
-5.46163e-14
68861.7
-48.0003
8.56557e-23
8.56565e-23
2.256e-13
2.11755e-22
1.65035e-26
5.06828e-29
2.3424e-38
-6.06211e+35
9.59513e-29
5.05125e-29
-3.67934e-39
1.45664e+16
6.29433e+32
-9.46576e-38
2.00417
-4.90311e+11
-4.91395e+11
4.2809e+37
nan
-1.30808e-17
-1.16631e-38
-1.92074e+38
2.97454e+20
-1.55264e+31
-1.51531e-39
8.02137e-15
-3.94942e-31
-1.59399e+34
2.02187e-38
6.27368e-39
-7.84352e-07
-1.59972e-06
1.9718e-38
-2.03593e+38
1.01069e+30
1.70248e+38
5.05125e-29
-2.35106e-38
488.429
5.05132e-29
5.05125e-29
3.90306e-39
1040    <--26
-7.68641e+15
849.828
3.48429e+11
-2.01049e+16
-2.01049e+16
8.81424e-24
4.07634e+07
1.89534e-39
-1.51546e-39
9.14992e-41
-1.2358e+29
-1.55663e-39
-1.51531e-39
2.27652e-13
-6.16128e-33
4.73721e-32
1.22702e+15
-1.44446e-34
1.37681e+29
1.37682e+29
2.256e-13
2.11755e-22
1.65035e-26
5.06828e-29
2.3424e-38
4.10209e+09
9.67401e-29
5.05125e-29
-3.67934e-39
1.21119e+12
6.29434e+32
-1.92481e-34
2.00417
-9.93033e+20
-9.9559e+20
4.28291e+37
nan
-1.30808e-17
-1.16631e-38
-1.92074e+38
2.83674e+14
8.61584e+14
-1.51545e-39
8.02137e-15
-3.94942e-31
-1.59497e+34
1.45905e+38
6.27943e-39
54455.2
117904
2.1148e-38
-2.03593e+38
1.01069e+30
1.70248e+38
5.05125e-29
-2.35106e-38
452.534
5.0512e-29
5.05125e-29
3.90306e-39
1282.67    <--27
-5.85682e+15
913.938
1.59601e+13
-5.8305e+25
-5.8305e+25
8.81424e-24
4.07634e+07
1.89534e-39
-1.51546e-39
9.14992e-41
-1.59799e+18
-1.49529e-39
-1.51531e-39
2.27652e-13
-2.96296e-15
1.24183e-26
4.94917e+24
3.97049e-23
7.44535
7.44543
2.25601e-13
2.11755e-22
1.65035e-26
5.06828e-29
2.3424e-38
6.32114e-26
7.62296e-29
5.05125e-29
-3.67934e-39
2.81013e+29
1.1945e-38
-3.0075e-36
2.00418
-3.94832e+30
-3.96035e+30
1.64124e+38
nan
-2.93355e-17
-2.94124e-17
-3.39805e+38
6.49037e+32
1.51516e+28
-1.51545e-39
8.02137e-15
-3.94942e-31
-1.59592e+34
1.99034e-38
6.28552e-39
2.36933e+14
5.41715e+14
-2.49822e+33
-2.03489e+38
1.51402e-34
2.46805e-34
nan
3.57331e-43
415.526
5.05127e-29
5.05125e-29
3.90306e-39
1523.51    <--28
-7.15864e+15
981.851
7.6636e+14
-3.10211e+35
-3.10211e+35
7.78046e-24
784384
-2.94124e-17
-2.94124e-17
9.16547e-41
-9.23162e+06
-1.55448e-39
-1.51531e-39
2.27652e-13
-3846.19
-1.08179e+15
9.89752e+34
-1.38351e+19
-1.5688e-30
-1.56881e-30
2.05959e-25
0.999986
2.46803e-34
2.46805e-34
2.34638e-38
6.96254e+08
2.84491e+33
5.05125e-29
-3.67934e-39
-nan
6.29436e+32
1.71378e+38
2.00418
2.64994e-37
2.64502e-37
1.70155e+38
nan
1.35972e+23
1.36003e+23
-3.39482e+38
2.35099e-38
200454
-1.51531e-39
8.02137e-15
-9.01888e+15
-1.59655e+34
2.20701e-38
6.28912e-39
-2.27305e+17
-1.51838e+17
6.29943e-40
-2.03099e+38
-50.5151
-58.1898
3.0939e+38
3.57331e-43
377.592
5.05121e-29
5.05125e-29
-2.07032
1656    <--29
81.2304
1020
2500
4.37568e-31
-4.47684e+24
1.54123e-24
223744
-2.75502e-19
-2.75502e-19
9.16547e-41
-3.06275e-05
-1.52076e-39
-1.51531e-39
2.27652e-13
-1.11143e+14
-2.70447e+14
-1.91345e-37
-2.01328e+08
2.13402e-06
2.13401e-06
-5.59043e-20
-3.40278e+38
2.91319e-09
2.91318e-09
2.34637e-38
9.66338e-12
1.15744e+33
5.03026e-29
-3.67934e-39
9.60346e-15
7.00598e+31
-1.73575e-37
2.00418
3.00743e-27
3.00494e-27
1.70242e+38
nan
6.75804e+31
1.05698e+30
-3.39542e+38
-2
-1.34471e+13
-1.51545e-39
8.02137e-15
-1.58662e+29
-1.59737e+34
-2.73077e-11
6.29485e-39
-1.80958e-10
-1.37956e-10
2.01623e+38
-2.02824e+38
7.4801e-10
7.10092e-10
2.5945e+38
3.57331e-43
338.84
5.05119e-29
5.05125e-29
-1.97266
1888    <--30
-4.59316e+27
1147.97
50752
4.08808e-22
4.08808e-22
7.78046e-24
784384
-2.94124e-17
-2.94124e-17
9.16547e-41
-5.49191e-17
-1.09178e-38
-1.51531e-39
-5.32341e+36
-1.01398e+31
1.19682e-07
-3.28392e-27
-3.89424e+33
10257.6
10257.5
-1.92043e+22
-1.98068e+28
1.08802e+12
1.08803e+12
2.34638e-38
-2.87761e-35
1.44273e+33
5.05125e-29
-3.67934e-39
2.34687e-29
6.29438e+32
-2.36805e-38
2.00419
-nan
8.28635e+11
1.75699e+37
1.75699e+37
-1.15062e+18
1.75699e+37
-38.333
-2.87768e-35
1.44273e+33
5.05125e-29
-3.67934e-39
3.90303e-39
8.48749e+37
2.18363e-38
2.81202e-14
2.81064e-14
-3.14702e+33
-7.90838e+32
-2.03489e+38
1.51402e-34
2.46805e-34
1.73673e-20
-1.44315e+22
1.70803e+38
5.05125e-29
5.05125e-29
2.27423e-13
2.17302e-38    <--31
-7.68386e+27
1.48635e+22
1.2794e+22
1.43426e-22
4.08808e-22
7.78046e-24
784384
-2.94124e-17
-2.94124e-17
288.838
1.17047e-38
-1.51546e-39
-1.51531e-39
4.51228e-28
-2.24787e+24
-20927.4
1.09776e+06
6.14657e-09
6.14657e-09
-7.98854e-20
2.256e-13
2.11755e-22
1.65035e-26
5.06828e-29
-4.00718e-32
1.03515e+09
2.84491e+33
5.05125e-29
3.39403e-26
128.504
-8.61902e-15
3.0739e-05
2.98664e+06
2.98664e+06
-0.0194989
4.27801e+37
nan
-1.30808e-17
-1.16631e-38
7.20491e-12
-2.87765e-35
1.44273e+33
5.05125e-29
8.02137e-15
3.90305e-39
-1.88014e-37
2.18363e-38
0.00152811
0.00152763
1.93043e+38
-3.74553e+37
-2.03509e+38
1.59513e+31
2.65338e+31
nan
-0.0477304
319.048
5.06698e-29
5.05125e-29
2.27611e-13
2.11085e-38    <--32
-7.68642e+27
3.40571e+09
3.20964e+09
1.50917e-28
-2.73245e+20
7.98726e-24
874496
-3.38138e-15
-3.38138e-15
247.587
-4.13115e+12
-1.08761e-38
-1.51531e-39
-3.77963e-39
-8.00916e+24
-23103.3
2.30691e+07
442.53
442.53
1.73994e-35
2.256e-13
2.11755e-22
1.65035e-26
5.06828e-29
2.9607e+27
3.05608e+29
1.20815e+33
5.05125e-29
1.86218e-09
-2.59512e-26
-6.05591e-05
5.94579e+20
9.42495e-36
-8.19756e+17
-0.000451783
4.27755e+37
nan
-1.30808e-17
-1.16631e-38
1.11802e+28
2.98823e-23
5.05528e-29
1.86218e-09
-2.59512e-26
5.12956e-26
8.22474e+37
8.2244e+37
-7.85851e+17
-6.46661e+26
1.99076e-20
1.51311e+08
1.51311e+08
1.01069e+30
1.70248e+38
5.05125e-29
5.06696e-29
-3.91668e-39
5.17338e+14
5.07879e-29
3.90306e-39
1718.32    <--33
0.105205
-1.33944e+07
-4.07787
2.96932e-14
-7.81224e-07
-7.81224e-07
4.07627e+07
1.89534e-39
-1.51546e-39
-1.08761e-38
2.95056e-13
0.000211777
-1.51539e-39
2.27652e-13
-2.1863e-10
-2.70447e+14
5.92448e+07
4.28309e+37
1.74843e-35
6.2206e+13
-2.73625e+26
1.20713e+33
3.03839e-29
2.82142e-29
2.82141e-29
2.82141e-29
2.82141e-29
2.82141e-29
1656.5
2.81067e+29
6.29435e+32
5.91518e+20
2.09138e-38
-0.000451606
-1.37723e-33
4.27968e+37
6.6594e-25
7.07922e-25
-8.36541e-39
1.11802e+28
2.98823e-23
5.05528e-29
215.919
8.02153e-15
3.38732e+21
-1.5957e+34
6.23027e-39
-6.91009e+21
208.492
-2.8607e+16
1.88731e-38
6.42425e+08
3.06064e+19
3.06064e+19
5.05125e-29
5.06696e-29
-3.91668e-39
5.17338e+14
5.07879e-29
5.25881e-12
1406.29    <--34
430.922
-0.00311863
6.98199e+13
-2.30237e-36
-6.97951e+10
2.92903e+12
-2.95452e-24
-2.95452e-24
-1.51543e-39
-1.08761e-38
2.95056e-13
-2.3461e+26
-1.79321e-38
-2.08057
-3.66094e-10
-2.70447e+14
5.92448e+07
4.28309e+37
1.29704e-11
-1.8725e-37
8.79503e-16
1.72508e+25
1.72583e+25
5.06495e-29
1.20713e+33
-5.34518e-16
36.1252
-195.343
0.000641115
-799083
6.29435e+32
5.91518e+20
2.09138e-38
4.8646e+37
2.33593e+36
4.28176e+37
4.96145e-05
5.67962e-05
-1.01221e-38
1.11802e+28
2.98823e-23
5.05528e-29
215.919
8.02153e-15
139.596
-1.59571e+34
6.23027e-39
-6.91009e+21
1.32725e-11
-1.44015e+22
2.0341e-38
2.74027e+10
1.17614e+31
1.17614e+31
5.05125e-29
5.06696e-29
-3.91668e-39
5.17338e+14
5.07879e-29
9.97031e-39
683.551    <--35
33.3654
560
3.85696e+28
6.67171e+35
-2.93878e+20
-7.86256e+20
-5.02935e+33
-5.02936e+33
8.67549e+12
2.34877e-38
319.048
5.06698e-29
5.05125e-29
4.29442e+22
2.46696e+33
1.1505e-35
9.86005e-32
-nan
1.74842e-35
2.48553e+27
-2.05583e-25
9.27622e+36
9.28332e+36
2.41659e-35
2.34636e-38
3.30978e+38
5.06828e-29
-1.17609e-38
-5.19865e+33
-9.20047e+23
9.29271e+32
-nan
2.00415
-0.000451036
nan
8.50388e+37
-8.79404e+08
-1.0889e+09
1.19209e-38
-3.38953e+38
4.15384e+34
-1.16633e-38
-1.51531e-39
-3.67934e-39
94.5799
4.46033e-11
-1.00742e+36
6.24912e-39
-1.22814e+27
1.08538e-20
nan
2.35781e+11
-7.35489e-35
-7.35489e-35
2.66101e+38
3.57331e-43
358.353
5.06695e-29
5.03026e-29
-7.80302e-16
711.301    <--36
-7.68516e+27
3.31315e+06
-3.34814e-38
-8558.48
-1.9729e+28
1.49042e+30
-0.272936
-0.272938
181538
9.16547e-41
-4.03179e-08
-1.08726e-38
1.92069e+38
1.05157e+37
6.14848e-09
-21517.6
3.01472e+06
-2.49232e+35
1.74842e-35
4.28348e+37
-2.05583e-25
-7.54643e-29
-7.55592e-29
2.91861e-09
2.34637e-38
9.66338e-12
1.15744e+33
5.03026e-29
2689.03
-8.35119e+11
-8.61902e-15
3.0739e-05
-1.01623e+31
1.28055e+22
-1.54223e-15
8.50557e+37
-13557.1
-19171.3
306741
-3.39328e+38
1.13687e-13
1.44401e+22
1.92076e+38
8.02116e-15
48.6901
1.62289e-22
2.18363e-38
6.27144e-39
1.6482e-11
-3.32303e+22
nan
2.01509e+12
-8.75177e-23
-8.75177e-23
2.66101e+38
3.57331e-43
358.353
5.06695e-29
5.03026e-29
1.06593e-26
711.567    <--37
-7.68516e+27
808.875
-2.51678e-26
-6.1601e-13
-1.35003e+36
-2.48972e-22
-1.51025e+24
-1.51026e+24
181538
9.16547e-41
-4.03179e-08
-1.08726e-38
1.92069e+38
2.76149e+14
6.64315e-09
-21517.6
3.01472e+06
-6.23079e+34
1.74842e-35
8.50311e+37
-2.05583e-25
-1.11309e-16
-1.11581e-16
2.91976e-09
2.34637e-38
9.66338e-12
1.15744e+33
5.03026e-29
-2.17218e-24
-1.45473e-34
-8.61908e-15
3.0739e-05
1.39773e-09
-0.000450984
2.29553e-38
8.50336e+37
6.49792e-31
1.04803e-30
-1.56847e+21
8.11954e-41
1.13689e-13
4.13266e-39
1.92074e+38
5.62495e-39
2.85877
1.62154e-22
2.18363e-38
-2.97328
-9.81657e+26
-2.53675e+19
nan
1.06427e+10
-1.05357e-10
-1.01719e-10
2.07863e-38
7.06703e-41
-6.04299e-36
-1.51069e-36
3.88056e-26
-4.21583e+34
9.39747e-37    <--38
-7.68516e+27
0.197479
1.14113e-13
-4.25211e-22
-0.000250838
-2.10148e-30
-4.64242e-24
-2.70127e-34
-9.95596e+20
1.79998e-38
1.17087e-38
1.16633e-38
2.62503
-3.44561e-34
108931
-21517.5
3.01472e+06
1.12729e-38
1.21288e-38
-7.69203e-37
5.27308e-23
-3.83846e-05
-3.2358e-05
4.9856e+14
-2.84225e-14
-3.06945e-33
-1.54719e-33
7.13513e-15
2.98216e-08
1.86695e-32
-1.07683e-14
3.0739e-05
1.24773e+35
-6.86085e-36
-1.31339e-36
1.6386e+38
-6.62115e-39
1.69788e+18
-1.73737e+21
8.11954e-41
1.70144e+38
1.26735e-38
1.26735e-38
1.95156e-39
-37.6158
30.4768
2.18363e-38
-2.97328
3.18703e-28
-1.63572e+19
-1.26011e+33
7170.81
-5.71102
-4.3985
2.07863e-38
5.6321e-41
-2.47568e-32
-2.47565e-32
3.88056e-26
0.00476432
-3.38634e+25    <--39
-7.68518e+27
0.197479
-1.82575e-12
8.62534e+09
3.10513e+23
4.03984e+10
-1574.13
-3.10132e-28
-9.95598e+20
1.5061e-38
1.28107e-38
1.27653e-38
2.62503
-3.64404e-37
3.05679e+08
-21536.9
3.01472e+06
1.11811e-38
1.25878e-38
-7.75074e-37
2.256e-13
-346630
3.16885e+21
-2.47565e-32
7.13557e-15
7.13562e-15
-3.64406e-37
3.05679e+08
-21536.9
3.01472e+06
1.11811e-38
-9.1895e+12
-1.46659e+37
-2.16548e-31
-2.1655e-31
4.28189e+37
-4.2801e-14
1.98727e+30
2.85415e-14
32.221
1.62109e-08
4.82624e+23
1.38325e-18
-1.0762e-14
7.76905e-05
1.28793e-38
1.28572e-38
9.89546e-10
-3.15877e+19
5.27039e+36
2.00674e-38
6.06769
1.10892e-38
1.27714e-38
-2.47565e-32
-3.70081e-32
-8.36287e+09
-5.79862e+09
27.8514
-2.51755e-20
-1.46594e-31    <--40
-9.90289e-32
-3.86832e-34
1.44748e-22
4.17971e+11
-1.85347e+16
-42.623
3.11926e+34
-1.11878e-31
1.27662e-38
2.62705
1.36562e+22
5.21126e-30
6.59556
-5.22779e-22
-4.34532e+19
1.28572e-38
1.28572e-38
1.15137e-10
-88.8687
-9.44933e-37
2.256e-13
-2.95708
1.27008e-28
-8.64699e+18
2.34652e-38
3.93391e-06
-9.17204e+13
-5.49308e+13
6.78066e-21
3.138e-25
-9.90315e-32
-9.90289e-32
-1.46656e+37
-6.949
-1.30532e-30
4.28189e+37
0.0470602
3.86605e-34
-1.4474e+17
1.91775e-37
-1.62259e+32
-6.80471
1.9118e+15
1.95181e-39
-46.9025
1.29374e-38
1.28572e-38
9.89546e-10
1.9206e+37
3.3544e-22
2.00673e-38
6.06769
1.09974e-38
1.32304e-38
-1.90827e-37
8.95009e-42
-3.96748e+17
-2.17143e+17
3.89478e-26
-1.0331e-21
-3.45264e-31    <--41
-9.90289e-32
-3.86832e-34
1.48221e-19
4.69122e-33
-1.84762e+16
-42.623
7.79815e+33
-1.14265e-28
-3.27244e-37
2.28638e-39
1.41844e+34
-nan
6.96873
-5.22779e-22
-4.34537e+19
1.28572e-38
1.28572e-38
1.15137e-10
-117.634
-4.53757e-37
2.256e-13
-2.95708
7.73091e-29
-5.87277e+18
5.5708e-24
2.82796e-12
-7.00437e+20
-3.47908e+20
-6.78066e-21
-1.78241e-38
-9.90314e-32
-9.90289e-32
-1.46656e+37
-2.02131e+34
3.43969e-29
4.28524e+37
-3.55577e+21
8.37731e+06
-2.5952e-26
-59392
2.77557e-17
-3.4592e+25
5.39299e+23
1.95182e-39
-78.0051
1.89365e-37
1.87352e-37
-2.76906e+06
-1.32862e-23
-1.28051e-33
3.05391e-39
-2.01218e+38
4.01776e-39
1.15771e-38
0.995976
8.87022e-42
-1.68334e+24
-8.30688e+23
3.89565e-26
0.00476432
-8.23173e-38    <--42
-2.29592e-40
7.24442e-15
1.72074e+20
-0.380926
1.52304e-28
7.27292e-25
1.94747e+33
4.786e+37
2.23594e-38
2.26619e-39
3.41013e+21
-1.35117e+20
7.30858
1.60231e+33
-1.72816e+10
1.92502e-37
1.93971e-37
3.88058e-26
-142.7
9.08222
2.25601e-13
-2.7227
2.24827e-29
-4.36077e+32
1.47877e-38
1.43647e-05
-2.45582e+27
-1.20856e+27
-6.78066e-21
-1.78704e-38
-3.83549e-37
-6.13682e-36
2.62744
1.23173e-26
4.4874e-29
4.28056e+37
1.122e-08
-32.0281
-4.45852e-16
-nan
2.71051e-20
-2.19947e-38
-3.97093e+37
1.95184e-39
7.0065e-08
1.4434e-37
1.89563e-37
9.32642e-15
9.82026e-37
4.2666e-17
-9.11942e-38
-2.03271e+38
2.08657e-39
1.15769e-38
1.26099e-32
1.93379e-43
-2.36894e+30
-1.1733e+30
3.89645e-26
-1.99216e-25
988.3    <--43
521.063
2.89248e-14
0.0364381
-3.16605e+34
-6.2653e+34
6.11323e-24
3.4097e-13
4.76822e+37
2.1788e-38
9.15496e-41
192876
-7817.12
7.61779
1.60231e+33
2.9856e+33
1.88093e-37
1.89563e-37
3.88058e-26
-164.569
9.06896
-1.12152e+15
7.8885e-31
1.07483e-29
-8.93706e+31
1.07898e-38
10944
-1.42954e+33
-6.99546e+32
-6.78066e-21
-1.78697e-38
-9.58872e-38
-3.8354e-37
2.62744
6.56161e-14
1.35073e-28
1.71269e+38
1.00618e-28
7.65029e-06
-3.06387e-05
5.50072e+25
3.86856e+25
-0.121455
0.00189385
1.95185e-39
-74.2317
1.93684e-37
1.92502e-37
9.32642e-15
4.1733e+25
-1.17507e-17
1.78394e-38
-2.03167e+38
6.49742e-39
1.1944e-38
1.62762e-27
1.34525e-43
-5.66623e+35
-2.80358e+35
3.89716e-26
-1.2451e-26
-1.9148e-38    <--44
-9.58763e-38
7.24464e-15
-4.70952e-28
2.81312e+19
-0.000184119
5.59629e-24
1.84995e-32
-1.05017e-37
-3.5856e-37
3.10836e-41
-5.64424e+22
2.33258e+21
7.88708
1.60231e+33
2.9856e+33
1.44005e-37
1.88093e-37
3.88058e-26
-183.6
9.02076
-5.42074e+36
-1.84465e+19
5.0783e-30
-9.12721e+31
7.15725e-39
0.0153198
-1.48206e+38
-7.31054e+37
-6.78066e-21
2.26657e-27
-2.29755e-40
-2.29592e-40
2.62744
0.00743092
6.47694e-29
1.68743e+38
nan
-1.13903e-13
0.125481
724.015
1.54743e+26
-8241.56
128.262
1.9515e-39
6.82023e-08
1.90232e-37
1.89563e-37
9.32642e-15
8.36425e-16
-73.3813
1.91251e-38
6.06769
3.37497e-39
1.15765e-38
-1.93229e+22
8.26766e-44
2.29545e-37
1.12414e-37
3.87757e-26
-7.78187e-28
-4.53805e-38    <--45
-9.58792e-38
7.24464e-15
-1.536e-33
3.08664e-41
1.8015e-19
4.59135e-41
6.91261e-42
1.88601e-41
