988.3    <--0
33.57
560
-2.01953
-0
-0
6.36541e-25
4.59163e-41
0
0
1.77965e-43
1.17087e-38
1.70803e+38
1.70801e+38
1.43493e-41
2.98555e+33
2.04041e-35
9.86084e-32
3.52643e-38
-5.62963e+14
1.67132e+35
4911.98
-1.32921e+36
0
0
4.5559e-41
3.38953e+38
5.34438e-29
5.32736e-29
-3.67935e-39
2.29717e-27
1.02023e+22
6.66532e-40
1.99426
1.1709e-39
1.78144e-38
2.16625e-22
nan
1.06499e-43
0
1.16631e-38
1.70141e+38
-1.16633e-38
-1.51531e-39
8.02137e-15
7.63929e-06
4.4671e-11
6.12223e-28
-2.60591e+38
3.25216e-19
7408.12
nan
-2.01072e+38
9.02198e-41
0
1.70141e+38
0
1.70803e+38
5.05125e-29
5.05125e-29
3.90306e-39
988.3    <--1
33.3508
560.001
-1.92383
-2.49524e+27
-4.60197e+26
6.36787e-25
7.02541e-39
0
0
1.77965e-43
1.17087e-38
-1.51546e-39
-1.51531e-39
2.27652e-13
2.98587e+33
1.09033e-35
9.86806e-32
-6.08463e+31
-1.58697e+29
-4.10727e-32
2263.93
-1.32921e+36
0
0
4.5559e-41
3.38953e+38
5.06828e-29
5.05125e-29
-3.67934e-39
2.30979e-27
4.0474e+24
2.22774e-39
1.99426
5.02797e-39
2.15422e+14
-3.31886e+32
nan
1.06499e-43
0
1.16631e-38
1.70141e+38
-1.16633e-38
-1.51531e-39
8.02137e-15
7.63929e-06
-2.60019e-21
2.50766e-24
-2.60591e+38
5.72021e-06
118.428
2.1396e-38
-2.01075e+38
9.02198e-41
0
1.70141e+38
0
1.70803e+38
5.05125e-29
5.05125e-29
3.90306e-39
988.3    <--2
33.3524
560.001
-1.87695
-2.22443e+27
-5.23071e+26
6.39015e-25
7.02541e-39
0
0
1.77965e-43
1.17087e-38
-1.51546e-39
-1.51531e-39
2.27652e-13
2.8908e+33
1.1037e-35
9.86836e-32
-1.41669e+22
-3.52034e+13
-1.70053e-21
4.76472e+09
-5.82069e-11
3.8528e-34
3.8528e-34
2.34636e-38
3.28319e+38
5.06828e-29
5.05125e-29
-3.86301e-39
-nan
1.12818e+29
1.40122e-39
2.00415
-nan
1.15729e-38
-6.82676e-21
nan
3.12822e-39
3.12245e-39
-3.38954e+38
3.86856e+25
-4.68365e-38
-1.51531e-39
1.28342e-13
-1.61768e-27
-3.69509e-35
9.12283e-36
6.24912e-39
-2.07943e-17
-9.85194e-38
2.20559e-38
-2.01223e+38
1.49445e+08
1.34533e+08
1.70541e+38
3.57331e-43
1.70803e+38
5.0907e-29
5.05125e-29
3.90306e-39
987.057    <--3
33.3551
560
-1.73633
1.37673e-34
-9.19055e+30
7.60752e-25
3.13651e-27
1.26735e-38
1.26735e-38
9.16547e-41
1.17011e-38
-1.51546e-39
-1.51531e-39
2.27652e-13
1.52748e+33
1.09481e-35
9.8602e-32
-9.2846e+26
1.03314e-25
6.18743e-33
7.85942e+31
3.09481e+26
-2.26672e+15
-2.26671e+15
2.34636e-38
3.16356e+38
5.06828e-29
5.05125e-29
-3.67934e-39
1.58527e+19
3.40415e+25
-nan
2.00415
-nan
1.15744e-38
-7.67189e-34
nan
3.41839e-38
3.41637e-38
-3.3896e+38
9.90352e+27
-1.16633e-38
-1.51531e-39
8.02137e-15
-2.42099e+24
-9.23757e-36
-4.02966e+36
6.24912e-39
-5.45278e-12
4.56585e+37
1.59526e+38
-2.01417e+38
-2.30668e-12
-1.84275e-12
1.72364e+38
3.57331e-43
1.70803e+38
5.05125e-29
5.05125e-29
3.90306e-39
983.288    <--4
33.3565
560
-1.67383
5.65739e-33
-3.75254e+27
9.39905e-25
2.72699e-15
1.29311e-37
1.29311e-37
9.16547e-41
1.17019e-38
-2.65415e-38
-1.51531e-39
2.27652e-13
3.20567e+32
1.10587e-35
9.8602e-32
-8.64696e+17
3.68534e+19
-2.42745e+24
-5.22149e-23
1.52586e-05
-8369.54
-8369.5
2.34636e-38
3.13698e+38
5.06828e-29
5.05125e-29
-3.67934e-39
2.51464e-21
3.25303e+25
-nan
2.00415
-nan
1.19425e-38
2.63475e+33
nan
6.97045e-37
6.9652e-37
-3.38971e+38
6.1897e+26
-1.16633e-38
-1.51531e-39
8.02137e-15
9.91637e+27
-3.69492e-35
-4.02966e+36
6.24912e-39
-0.374758
-2.55597e-38
2.19053e-38
-2.01614e+38
6.31839e-16
4.58482e-16
1.75655e+38
3.57331e-43
1.70803e+38
5.05125e-29
5.05125e-29
3.90306e-39
976.992    <--5
33.3554
560
-1.71289
4.93036e-32
-1.45073e+27
1.17948e-24
0.00220489
5.66634e-36
5.66634e-36
9.16547e-41
1.17019e-38
-1.51546e-39
-1.51531e-39
2.27652e-13
3.06533e+31
1.10993e-35
9.8602e-32
-1.35109e+16
-8.57968e+09
-3.77651e-37
-3.96893
7.52306e-37
-1.40301e+08
-1.403e+08
2.34636e-38
3.13698e+38
5.06828e-29
5.05125e-29
-3.67934e-39
0.000209809
1.90125e+26
-nan
2.00415
-nan
1.1943e-38
8.43815e+37
nan
7.04429e-35
7.03515e-35
-3.38988e+38
6.1897e+26
-1.16633e-38
-1.51531e-39
8.02137e-15
2.77916e-17
-2.30923e-36
-4.02966e+36
6.24912e-39
-0.374758
-1.03128e-37
9.09398e+36
-2.01813e+38
-0.00308093
-0.00207108
1.80417e+38
3.57331e-43
1.70803e+38
5.05125e-29
5.05125e-29
3.90306e-39
968.169    <--6
33.3544
560
-1.74414
2.44977e-31
-7.15694e+26
1.42501e-24
1.84969e+09
1.22799e-33
1.22799e-33
9.16547e-41
1.17019e-38
-1.51546e-39
-1.51531e-39
2.27652e-13
1.13066e+30
1.1078e-35
9.8602e-32
-2.16174e+17
-1.43952e+17
5.65184e+14
-7.67544e+22
-4.29491e+09
-1.7076e+29
-1.70759e+29
2.34636e-38
3.13698e+38
5.06828e-29
5.05125e-29
-3.67934e-39
-9.54609e-08
3.77831e+26
-nan
2.00415
-nan
1.19433e-38
4.78255e+37
nan
3.1652e-32
3.15936e-32
-3.39011e+38
6.1897e+26
-1.16633e-38
-1.51531e-39
8.02137e-15
1.01544e+31
0.0479584
-4.02966e+36
6.24912e-39
-2.57579e+10
-1.03639e-37
nan
-2.01952e+38
9.6205e+20
6.47402e+20
1.86601e+38
3.57331e-43
1.70803e+38
5.05125e-29
5.05125e-29
3.90307e-39
957.144    <--7
33.353
560
-1.99414
4.43734e-31
-5.11029e+30
1.54122e-24
38.875
9.80241e-31
9.80241e-31
9.16547e-41
1.17097e-38
-1.51546e-39
-1.51531e-39
2.27659e-13
2.28892e+28
1.12719e-35
9.8602e-32
2.3666e-30
4.13903e-25
-128.492
-7.87663e+28
1.9259e-34
-1.60846e+17
-1.60846e+17
2.34636e-38
nan
5.06828e-29
5.05125e-29
-3.67934e-39
-8.33872e+15
1.45199e+31
-nan
2.00415
-nan
1.1576e-38
-1.88048e-37
nan
3.17933e-29
3.17641e-29
-3.39037e+38
4.15384e+34
-1.16633e-38
-1.51531e-39
8.02137e-15
-2.9841e-08
49.1065
-4.02966e+36
6.24912e-39
-24562.1
4.69825e+37
2.22403e-38
-2.02025e+38
1.47245e+31
1.15237e+31
1.93336e+38
3.57331e-43
1.70803e+38
5.05125e-29
5.03026e-29
3.90306e-39
945.26    <--8
33.3649
560
-1.7832
8.1967e-31
-2.30754e+30
1.6995e-24
0.00254059
1.31944e-27
1.31944e-27
9.16547e-41
1.17015e-38
-1.51546e-39
1.92069e+38
2.27652e-13
3.13537e+26
1.15581e-35
9.8602e-32
-9.73561e+32
-1.77575e-15
-4.56552e-13
3.03931e-33
-9.09482e-13
0.00226183
0.00226182
2.34636e-38
3.19015e+38
5.06828e-29
5.05125e-29
-3.67934e-39
-1.26477e-12
3.26843e+31
-nan
2.00415
-nan
1.19436e-38
-1.97152e-31
nan
7.15891e-26
7.1524e-26
-3.39066e+38
4.05648e+31
-1.16633e-38
-1.51531e-39
8.02137e-15
-6.78505e-21
4.07934e+36
-4.02966e+36
6.24912e-39
-2.90073e+25
1.88621e+38
2.21912e-38
-2.0216e+38
1.80198e-07
1.40819e-07
2.00984e+38
3.57331e-43
1.70803e+38
5.05125e-29
5.03026e-29
3.90306e-39
931.664    <--9
33.3627
560
-1.83789
1.65167e-30
-2.99817e+27
2.03604e-24
518
5.01728e-24
5.01728e-24
9.16547e-41
1.17036e-38
-1.51546e-39
1.92069e+38
2.27652e-13
2.4135e+24
1.15226e-35
9.8602e-32
-3.71384e+27
6.93474e-18
3.97677e+28
1.37154e-17
1.07373e+09
6.95195e+17
6.95192e+17
2.34636e-38
3.20344e+38
5.06828e-29
5.05125e-29
-3.67934e-39
1.01689e-30
2.22178e+32
-nan
2.00415
-nan
1.18519e-38
5.29474e+36
nan
4.40988e-22
4.40422e-22
-3.39099e+38
6.33825e+29
-1.16633e-38
-1.51531e-39
8.02137e-15
-2.9841e-08
-3.7989e+27
-4.02966e+36
6.24912e-39
-7.42632e+27
-1.04589e-37
1.56343e+38
-2.02295e+38
-4.8242e-05
-3.76032e-05
2.09645e+38
3.57331e-43
1.70803e+38
5.05125e-29
5.05125e-29
3.90306e-39
916.324    <--10
33.3625
560
-1.89258
3.0445e-30
-1.42365e+28
2.37178e-24
2.15613e+07
5.25421e-20
5.25421e-20
9.16547e-41
1.1704e-38
-1.51546e-39
1.92069e+38
2.27652e-13
1.04633e+22
1.14595e-35
9.8602e-32
-5.94214e+28
-4.0368e-28
-3.53208e+13
0.0742205
1.42107e-14
161.263
161.262
2.34637e-38
3.21673e+38
5.06828e-29
5.03026e-29
-3.67934e-39
-nan
1.07286e+32
-nan
2.00415
-nan
1.16684e-38
4.28424e+37
nan
8.4736e-18
8.46421e-18
-3.39135e+38
6.33825e+29
-1.16633e-38
-1.51531e-39
8.02137e-15
9.41615e-38
-2.92633e-06
-4.02966e+36
6.24912e-39
-4.53239e+23
-1.0489e-37
nan
-2.02429e+38
7.52854e-39
3.39797e-39
2.19323e+38
3.57331e-43
1.70803e+38
5.05125e-29
5.05125e-29
3.90306e-39
899.236    <--11
33.3633
560
-1.9082
5.47271e-30
-2.02498e+25
2.70805e-24
4.37228e+12
1.66639e-15
1.66639e-15
9.16547e-41
1.1704e-38
-1.51546e-39
-1.51531e-39
2.27652e-13
2.51717e+19
1.14657e-35
9.8602e-32
-1.5577e+34
-1.47537e+20
-1.54681e-33
2.72747e+11
1.12588e+15
-1.27626e+25
-1.27625e+25
2.34637e-38
3.2699e+38
5.06828e-29
5.05125e-29
-3.77117e-39
-2.21868e-30
1.36442e+32
-nan
2.00415
8.95404e-40
1.16684e-38
4.28479e+37
nan
4.00109e-13
3.99978e-13
-3.39176e+38
-0
-1.16633e-38
-1.51531e-39
3.20855e-14
2050.66
-5.52718e+16
-4.02966e+36
6.24912e-39
1.76329e-38
1.90038e+38
2.23483e-38
-2.02502e+38
-5.5092e+19
-4.9828e+19
2.29791e+38
3.57331e-43
1.70803e+38
5.05125e-29
5.05125e-29
3.90306e-39
880.987    <--12
33.363
560
-1.83008
7.14902e-30
-7.60598e+30
2.8888e-24
3.77344
1.06949e-10
1.06949e-10
9.16547e-41
1.17036e-38
-1.51546e-39
1.92069e+38
2.27652e-13
3.97583e+16
1.1462e-35
9.8602e-32
-5.66687e+22
1.77486e-15
1.44674e+17
7.49686e+22
-0.249997
1.30046e-37
1.30045e-37
2.34637e-38
3.13698e+38
5.06828e-29
5.03026e-29
-3.67934e-39
-4.29498e+12
1.06652e+32
-nan
2.00415
-nan
1.18522e-38
8.50526e+37
nan
3.8478e-08
3.84636e-08
-3.39219e+38
3.96141e+28
-1.16633e-38
-1.51531e-39
8.02137e-15
-7.46024e-09
-4.25758e-17
-4.02966e+36
6.24912e-39
-4.86731e+32
-2.63245e-38
nan
-2.02637e+38
3.37319e+12
3.11521e+12
2.41027e+38
3.57331e-43
1.70803e+38
5.05125e-29
5.05125e-29
3.90306e-39
861.216    <--13
33.3631
560
-1.92383
1.14878e-29
-3.63959e+29
3.22476e-24
5296
1.7192e-05
1.7192e-05
9.16547e-41
1.17044e-38
-1.51546e-39
-1.51531e-39
2.27652e-13
3.51731e+13
1.14486e-35
9.8602e-32
-3.71384e+27
4.25105e+37
2.85319e-14
nan
2.27371e-13
-8.17354e+14
-8.17353e+14
2.34637e-38
3.21673e+38
5.06828e-29
5.03026e-29
-3.67934e-39
-5.43567e-13
4.60369e+31
-nan
2.00415
-nan
1.15769e-38
4.28438e+37
nan
0.0105156
0.0105124
-3.39266e+38
6.33825e+29
-1.16633e-38
1.92074e+38
8.02116e-15
8.60108e+09
-4.25713e-17
-4.02966e+36
6.24912e-39
-1.13307e+23
-2.6384e-38
-488464
-2.02772e+38
-1.56206e-31
2.03373e+38
3.17216e-18
-1.01049e+17
5.03026e-29
3.90306e-39
845.239
-2.89386e-17
-4.02966e+36    <--14
6.24912e-39
-nan
-6.83834e+19
1.45437e-29
3.80114e+07
7.78918
7.78918
1.66639e-15
1.66639e-15
9.16547e-41
1.1704e-38
-1.51546e-39
1.77687e+10
2.29096e-13
1.75553e+23
1.14694e-35
-2047.88
-9.50743e+29
-8.22282e-25
2.31492e+18
6.04841e+28
6.04841e+28
6.47406e+20
6.47402e+20
2.34636e-38
3.25661e+38
5.06828e-29
1.2735e-24
4.54031e+31
-7.73073e-11
3.44273e+31
-nan
2.0042
8.50355e+37
1.19435e-38
7561.83
7560.74
1.74314e-31
1.83392e+34
-3.39017e+38
1.62259e+32
-1.16633e-38
-1.34576e-07
-4.25665e-17
1.03961e+32
-nan
-4.02963e+36
6.32409e-39
2.11872e-38
-1.04048e-37
4.09518e+30
3.97025e+30
9.24396e+20
6.47402e+20
1.86603e+38
3.57331e-43
1.70803e+38
5.05125e-29
816.769
3.89887e-39
920.323    <--15
33.3632
1864
-2.28149e+23
1.00772e-30
9.52959e+09
8.36544e+06
8.36544e+06
7.34695e-40
7.34695e-40
9.16547e-41
1.17058e-38
-1.51546e-39
6.00436e+06
2.17018e-13
1.75553e+23
1.14694e-35
-1.6221e+32
9.92622e-24
-3.53178e-15
3.61718e+16
-1.03791e-26
-1.03791e-26
-1.27626e+25
-1.27625e+25
2.34637e-38
3.2699e+38
5.06828e-29
0.000102074
5.71288e+31
1.80744e-26
3.75965e+31
-nan
1.16688e-38
8.47045e+37
1.19435e-38
1.18997e+10
1.18993e+10
2.5903e-14
2.58859e-14
-3.39166e+38
6.49037e+32
-1.16633e-38
-1.83176e+32
-2.10754e+11
1.03961e+32
-nan
-1.50115e+28
4.78678e+37
1.49279e+38
1.90996e+38
-1.44558e+13
-1.44884e+13
-1.59301e+25
-1.27625e+25
2.24521e+38
3.57331e-43
1.70803e+38
5.05125e-29
792.729
-2.89407e-17
-4.02966e+36    <--16
33.2617
2.99767e-29
-1.34294e+22
4.44986e-30
7.90282e+11
9.1188e-39
9.16547e-41
-1.27285e+25
-3.29998e-16
4.5708e-35
4.5708e-35
-1.51546e-39
11176.5
2.45532e+18
6.58277e-36
1.65391e-24
1.91474e-06
-2.4215e-07
3.06359e-05
-6.24626e-05
-2.44965e-33
3.22181e-06
3.22181e-06
-0.182771
1.06524e+31
1.06522e+31
5.06828e-29
7.36984e-11
1.04298e-27
3.18518e+32
-nan
1.16689e-38
-9.46945e-38
1.18526e-38
1.7006e+38
1.70822e+07
3.41054e+16
3.41085e+16
0.0025689
4.5825e-35
4.5708e-35
-1.16654e-38
-1.95834e-18
-4.07645e+36
7.13974e-10
-nan
-1.50115e+28
4.78678e+37
2.09586e-38
2.08501e-38
-1.55571e-37
-3.19375e-06
-3.30377e-06
1.23075e-14
2.6263e+31
1.06522e+31
1.78714e+38
5.05125e-29
792.729
767.576
-4.0297e+36    <--17
33.2617
2.76101e-29
-1.43886e+22
-9.74202e+14
1.68782e+12
2.03734e+14
7.45807e+19
7.45807e+19
-3.29998e-16
4.5708e-35
4.5708e-35
-1.51546e-39
11176.5
0.194657
61.6194
6.58277e-36
9.85809e-32
5.38936e+08
-2.2552e-16
-267263
-1.57458e+28
3.90549e+12
3.90549e+12
-0.182771
1.06524e+31
1.06522e+31
5.06828e-29
7.36984e-11
-3.42203e-16
1.10167e+33
9.8602e-32
-nan
-nan
1.18526e-38
1.7138e+38
1.70823e+07
2.07005e+23
2.07075e+23
7.71341e-40
-3.38953e+38
2.59615e+33
-1.16633e-38
-1.51531e-39
-1.0871e-34
12558.8
-nan
-1.50115e+28
7.0534e-38
-2.65082e-38
2.20678e-38
-1.55602e-37
9.65867e-33
1.12205e-32
7.01281e-34
1.70183e+38
1.76564e-43
1.70803e+38
5.05125e-29
5.05125e-29
741.519
-4.03882e+36    <--18
33.2617
-2.125
-1.57904e+22
-7.81004e+26
-4.9447e+26
0.043098
5.57125e+26
5.57125e+26
9.80241e-31
9.16547e-41
1.17097e-38
-1.51546e-39
-1.51531e-39
2.23108e-05
1.08175e+15
1.1503e-35
9.8602e-32
1.47548e+20
-7.8243e-34
-1.73146e+10
0.01654
-61127.2
-61127.4
-2.99898e-20
1.13413e-38
nan
5.06828e-29
5.05125e-29
2.98291e-28
4.26606e+32
1.04117e+32
-nan
-nan
-9.46951e-38
-9.47223e-38
-1.91781e-34
1.73553e+30
1.73751e+30
7.16691e-26
-3.39066e+38
4.05648e+31
-1.16633e-38
1.92074e+38
7.15511e+29
-1.48248e+25
-4.36061e-14
-4.02966e+36
-2.26027e+20
-2.65333e-38
2.20624e-38
1.56746e+38
-1.61967e-19
-2.07207e-19
-4.82441e-29
2.43998e+38
3.57331e-43
1.70803e+38
5.05125e-29
5.05125e-29
714.761
865.847    <--19
33.3639
560
5.04871e-29
-7.5515e+28
-5.33127e+26
2.46139
6.1848e+33
6.1848e+33
-3.29998e-16
4.5708e-35
4.5708e-35
-1.51546e-39
11176.5
1.8157e-09
1.08227e+15
1.1503e-35
-4.25329e+37
-6.16239e-33
-9.7095e+24
-7.51807e+19
1.99093e-37
-3.23886e-24
-3.23887e-24
3.85286e-34
2.34636e-38
3.28319e+38
5.06828e-29
-1.12691e-05
0.1139
1.84568e-35
9.8602e-32
-nan
1.1577e-38
-9.46955e-38
-2.36813e-38
-1.91782e-34
2.66268e+37
2.66661e+37
7.7975e-40
-3.38953e+38
2.59615e+33
-1.16633e-38
0.0352784
-8.43067e+11
-12.2611
-6.37279e+34
-4.02966e+36
6.24912e-39
2.09949e-38
nan
1.56788e+38
-7.05733e-10
-9.36339e-10
1.42874e-14
2.6263e+31
1.06522e+31
1.78714e+38
5.05125e-29
792.729
686.895
-4.0388e+36    <--20
6.24912e-39
-nan
-2.47924e+22
-3.1627e+27
-5.74229e+26
113.765
-1.17264e-36
-1.17264e-36
-3.29998e-16
4.5708e-35
4.5708e-35
-1.51546e-39
11176.5
1.06736e-13
61.5432
6.58277e-36
-1.66109e+35
-7.44896e-09
-2.42737e+24
-1.26022e+30
-8.79418e+34
-1.27413e+24
-1.27414e+24
-0.182772
1.06524e+31
1.06522e+31
5.06828e-29
7.36984e-11
6.51244e-18
6.26894e+32
3.94979e+31
-nan
-nan
1.18528e-38
-3.71623e-37
-1.91782e-34
-6.84982e-33
-6.86302e-33
0.00257171
4.5825e-35
4.5708e-35
-1.16654e-38
-1.95834e-18
2.47733e-27
-7.28447e-12
-1.31815e+10
-4.02967e+36
6.31548e-39
2.1025e-38
-1.42069e+26
1.56832e+38
0.0120095
0.0172408
1.56804e-14
2.6263e+31
1.06522e+31
1.78714e+38
5.05125e-29
792.729
657.918
-4.03878e+36    <--21
6.24912e-39
-nan
-3.04002e+22
-2.20793e+20
1.36094e+11
709.253
-4.80346e-29
-4.80346e-29
-3.29998e-16
4.5708e-35
4.5708e-35
-1.51546e-39
11176.5
4.33758e-18
6.53782e-36
1.65391e-24
1.91474e-06
-2.85881e+14
-16640.4
4.67342e-38
-0.999986
-4.29842e-09
-4.29845e-09
-0.182772
1.06524e+31
1.06522e+31
5.06828e-29
7.36984e-11
-6.72708
7.6194e+32
3.44273e+31
-nan
2.00415
1.18529e-38
4.28336e+37
nan
-3.99496e-25
-4.00003e-25
0.00257247
4.5825e-35
4.5708e-35
-1.16654e-38
-1.95834e-18
1.82795e-07
-1.59112e+34
-3.45463e+15
-4.02966e+36
6.24912e-39
-2.6616e-38
2.12405e-38
-2.03426e+38
3192.59
4936.7
1.71276e-14
2.6263e+31
1.06522e+31
1.78714e+38
5.05125e-29
792.729
627.83
942.029    <--22
33.3651
1576
-1.39648e+20
-5.6548e+23
7.36758e-24
81664
-0.183218
1.06524e+31
1.06522e+31
5.06828e-29
7.36984e-11
1.92542e+26
1.15581e-35
-2047.88
-3.80297e+30
1001.98
-2.42767e+29
9.92626e-24
-3.53178e-15
3.61718e+16
-0.999929
nan
4.57168e-35
-1.62679e+34
-2.61191e+34
-4.36313e-18
4.15627e-20
5.2802e+32
-nan
2.0042
3.30851e+35
-2.03495e+38
2.00415
1.18528e-38
-1.85069e-37
1.04207e-28
-2.13689e+23
1.19235e+31
960304
-4.8061e-17
-4.8061e-17
792.729
-1.31814e+10
-4.02967e+36
6.31548e-39
1.49502e+38
5.24138e-25
6.24912e-39
-2.6616e-38
2.12405e-38
1.5773e-30
-6.33536e-30
5.26236e-23
-1.05634e-38
-5.49815e+06
-5.4982e+06
11176.7
940.489
33.3651
1576
-1.39648e+20    <--23
1.2128e-14
559.986
9.20009e-29
-9.53927e+23
-nan
1.16692e-38
-1.87999e-37
1.06522e+31
-6.79601e-13
-6.80945e-13
7.39733e-11
1.92542e+26
1.15581e-35
-2047.88
-3.80297e+30
4.82437e-32
9.82513e-32
-1.45072e+25
2.10541e+06
3.21668e-30
1.929e+38
2.08226e-38
4.57286e-35
-0.00310197
-0.00533243
-4.73615e-18
4.15627e-20
5.2802e+32
-nan
2.0042
3.30851e+35
-1.92942e+38
2.00415
1.18528e-38
-1.85069e-37
1.31817e-28
-9.7423e+19
1.32703e+31
1.47095e+07
-1.12164e-08
-1.12164e-08
792.729
-1.31814e+10
-4.02967e+36
6.31548e-39
1.49502e+38
7.89352e-30
6.24912e-39
-2.6616e-38
2.12405e-38
1.86215e-09
9.7098e+24
9.05954e-13
3888.4
-9.53145e+07
-9.53154e+07
11176.7
940.489
33.3651
1576
-1.39648e+20    <--24
1.23935e-26
559.985
9.20009e-29
-9.53927e+23
-nan
1.1853e-38
2.11709e+37
1.06522e+31
-0.000212957
-0.00021336
7.39984e-11
1.92542e+26
1.15581e-35
-2047.88
-3.80297e+30
1.80501e+19
9.8239e-32
-1.45072e+25
2.10541e+06
-1.99623e+28
-2.66796e-38
5.83434e+35
4.57411e-35
-1.06995e+36
-1.96252e+36
2.99456e+31
5.06828e-29
7.36984e-11
-6.72708
7.6194e+32
3.44273e+31
-1.82016e+38
2.00415
1.18528e-38
-1.85069e-37
1.58638e-28
-6.73746e+18
1.45393e+31
6.98139e+08
-4.96101
-4.96101
-1.16654e-38
-1.95834e-18
-2.15806e+14
1.58431e-25
-3.45463e+15
8.08232e-35
6.33208e-39
-2.6616e-38
2.40184e+36
4.10858e+10
-2.42738e+24
0.00388306
4.68049e-32
1.60798e+06
1.60799e+06
1.78718e+38
5.05125e-29
792.729
643.013
893.845    <--25
-0.000231221
1946.13
9.20009e-29
-9.53927e+23
-nan
1.1853e-38
2.12568e+37
1.06522e+31
-129184
-129424
4.58501e-35
-1.51546e-39
11176.5
3.26685e-19
1.77324e+19
-1.23112e-26
-1.55295e+31
-1.45072e+25
2.10541e+06
-1.99623e+28
-2.67033e-38
1.431e+38
4.57536e-35
-1.23995e-05
-2.42851e-05
3.22804e+31
5.06828e-29
7.36984e-11
-6.72708
7.6194e+32
3.44273e+31
513.77
2.00421
1.18528e-38
-2.36758e-38
1.85382e-28
-1.13942e+18
1.5886e+31
3.17357e+10
-4.2079e+09
-4.2079e+09
-1.16654e-38
-1.95834e-18
-2.15806e+14
1.58431e-25
-3.45463e+15
-5.85763e+36
6.33208e-39
-2.6616e-38
2.40184e+36
3.0316e+30
-1.70796e+38
8.33635e+07
-6.52366e+10
1690.13
1690.15
1.78718e+38
5.05125e-29
792.729
643.013
893.845    <--26
7.16011e-11
1946.12
9.20009e-29
-9.53927e+23
7.36758e-24
1.16694e-38
4.18174e+34
1.06523e+31
-1.65279e+14
-1.65851e+14
4.58612e-35
-1.51546e-39
11176.5
3.26685e-19
1.77324e+19
2.61831e+11
-1.55249e+31
-1.45072e+25
2.10541e+06
-1.99623e+28
1.93418e+38
1.4453e+38
4.57653e-35
-2.60956e+29
-5.42071e+29
3.46926e+31
5.06828e-29
7.36984e-11
-6.72708
7.6194e+32
3.44273e+31
478.681
2.00421
1.18528e-38
-2.36758e-38
2.19303e-28
-2.65645e+15
1.7154e+31
1.53287e+12
-7.56138e+18
-7.56138e+18
-1.16654e-38
-1.95834e-18
-2.15806e+14
1.58431e-25
-3.45463e+15
-1.3423e+26
6.3328e-39
-2.6616e-38
2.12405e-38
-4.03789e-28
-6.18687e-33
2.93859e+17
-248858
-0.0017298
-0.00172981
1.78718e+38
5.05125e-29
792.729
643.013
893.845    <--27
1.63765e+17
4.7384e-29
-1.52003e+22
-3.81635e+20
1.72237e+12
1.15776e-38
8.33616e+37
1.06523e+31
-4.06908e+23
-4.08251e+23
4.58727e-35
-1.51546e-39
11176.5
3.26685e-19
1.77324e+19
1.38612e-11
0.000186808
1.91474e-06
-2.4215e-07
3.06359e-05
1.93576e+38
-4.12262e-38
4.57777e-35
-4.63551e-17
-1.01761e-16
3.71809e+31
5.06828e-29
7.36984e-11
-6.72708
7.6194e+32
3.44273e+31
442.48
1.16689e-38
-9.46945e-38
1.16684e-38
2.6557e-28
-1.59035e+16
1.85015e+31
6.82932e+13
-2.56768e+28
-2.56768e+28
-1.16654e-38
-1.95834e-18
-2.15806e+14
1.58431e-25
-3.45463e+15
-1.41368e+15
4.80875e+37
2.09665e-38
nan
-7.70463e-10
-2.15594e+09
5.3191e+27
-2.99552e-30
-1.10359e-10
-1.1036e-10
1.78719e+38
5.05125e-29
792.729
643.013
893.845    <--28
-8.64271e+35
4.69895e-29
-1.52003e+22
-3.81635e+20
1.72237e+12
1.16695e-38
4.1814e+34
1.06523e+31
-1.93029e+33
-1.9366e+33
4.58845e-35
-1.51546e-39
11176.5
3.26685e-19
1.77324e+19
-1.41939e-08
-1.69838e-16
5.38936e+08
-2.2552e-16
-267263
1.93731e+38
1.99122e-38
4.57895e-35
-5.9358e+13
-1.37901e+14
3.97471e+31
5.06828e-29
7.36984e-11
-2.68963e+29
8.73494e+32
9.8602e-32
405.164
1.15774e-38
-9.46948e-38
-1.87992e-37
3.12905e-28
-5.58556e+14
1.97719e+31
1.42892e+15
-1.64157e+38
-1.64157e+38
-1.16654e-38
-1.95834e-18
3.45289e+15
2.78766e-12
-nan
-6853.26
-1.22342e+30
-2.65763e-38
nan
-7.73139e+06
-1.01811e+31
1.19519e+36
-3.00851e+29
1.73529e-21
1.73527e-21
1.70801e+38
5.05125e-29
5.05125e-29
748.055
-4.03882e+36    <--29
1.15552e-25
4.18354e+33
4.16124e-29
-2.52542e+29
2.2923e-40
1.18532e-38
2.07711e+23
1.06523e+31
1.48419e-34
1.48228e-34
1.16657e-38
-1.51546e-39
-1.51531e-39
0.000214759
61.5882
3.18323e-11
1.06109e-17
5.4978e+11
3.36866e+07
4.51426e-36
-2.67808e-38
-2.2153e-16
4.57967e-35
6.11166e+28
4.31527e+28
1.85339e+38
5.06828e-29
5.05125e-29
-3.67934e-39
3.32802e-30
1.13196e+26
367.058
-nan
-9.46957e-38
1.50818e+38
3.40664e-28
-1.58458e+30
2.08376e+31
4622.38
1.57832e-29
1.57832e-29
-1.16633e-38
2.10276e-09
2.54809e+35
-2.98409e-08
-3.7989e+27
-2.08176e-08
1.08747e-38
-4.32198e+17
1.89508e+38
-8.28071e+18
-1.08841e-19
-1.91823e-34
15.1891
-1.04042e+16
-1.04041e+16
1.70801e+38
5.05125e-29
5.03026e-29
3.90306e-39
931.664    <--30
-1.94409e+13
2.30473e+33
-1.91602
2.36658e-30
-2.75445e+28
1.18532e-38
2.07712e+23
1.06523e+31
2.00691e-24
2.00455e-24
1.16718e-38
-1.51546e-39
-1.51531e-39
2.27652e-13
3.12231e+25
3.00182e+29
1.03581e-20
5.4978e+11
3.36866e+07
-7.78796e+33
-2.68023e-38
nan
4.58086e-35
3.67151e+21
2.88483e+21
1.23903e+31
5.06828e-29
7.36984e-11
-2.68963e+29
8.73494e+32
9.8602e-32
328.002
2.00725
-nan
1.18523e-38
3.84822e-28
-6.46058e+27
2.33741e+31
95462
3.05148e-19
3.05148e-19
-1.16633e-38
0.0352784
-8.43067e+11
-12.2611
-6.37279e+34
-2.88557e-20
-1.54462e+26
2.09988e-38
-2.18722e+21
-6.12503e+35
1.55343e+26
-8.33666e-25
2.93799e+26
1.27148e-31
1.27148e-31
1.70801e+38
5.05125e-29
810.863
693.966
897.84    <--31
1.61337e-34
1.62527e+33
-2.3206e+22
-3.12875e+23
-nan
1.16696e-38
1.67422e+38
1.06524e+31
5.24654e-14
5.24385e-14
4.57337e-35
-1.51546e-39
11176.5
1.06736e-13
61.5432
-6.74075e-33
-3.69444e+24
-2.85881e+14
-16640.4
4.67342e-38
1.94109e+38
2.17248e-38
4.58211e-35
-3.45661e+12
-2.98636e+12
1.37721e+31
5.06828e-29
7.36984e-11
-2.68963e+29
8.73494e+32
9.8602e-32
287.835
-nan
1.18528e-38
-3.71623e-37
4.54137e-28
-2.24315e+23
2.60654e+31
1.87146e+06
1.14201e-08
1.14201e-08
-1.16654e-38
-1.95834e-18
3.45289e+15
2.78766e-12
-nan
-1.99593e-32
-4.74762e+29
-2.65089e-38
2.19139e-38
4.27716e-26
-1.51056e-36
-1.43223e-14
-3.15465e+35
-0.00278826
-0.00278826
1.78715e+38
5.05125e-29
792.729
679.755
-4.03881e+36    <--32
-3.57131e-13
1.5847e+33
-7.06741e+20
1.03226e-30
5.87879e+10
1.16696e-38
-3.73087e-37
1.06524e+31
0.00284259
0.00284166
4.57467e-35
-1.51546e-39
11176.5
1.06736e-13
61.5432
1.05781e+25
-195.502
3.72632e+27
-3.19956e-27
1.01372e-28
1.94251e+38
5.99224e+35
4.58329e-35
-12.7103
-11.9847
1.51924e+31
5.06828e-29
7.36984e-11
-6.72708
7.6194e+32
3.44273e+31
246.556
1.15773e-38
-9.46948e-38
-1.87992e-37
5.37458e-28
-6.38471e+24
2.86004e+31
3.76044e+07
833.067
833.067
-1.16654e-38
-1.95834e-18
-2.15806e+14
1.58431e-25
-3.45463e+15
6.96501e+26
4.81407e+37
2.09665e-38
nan
1.86218e-09
1.74156e-18
-0.000240802
5.26977e-17
-9.4874e+23
-9.4874e+23
1.78715e+38
5.05125e-29
792.729
643.013
893.845    <--33
nan
8.05676e-29
-1.52003e+22
-3.81635e+20
1.72237e+12
1.19451e-38
-1.82865e-37
1.06524e+31
2.79551e+08
2.79556e+08
4.57602e-35
-1.51546e-39
11176.5
3.26685e-19
1.77324e+19
7.87918e-25
-48.8348
-2.85881e+14
-16640.4
4.67342e-38
-2.68598e-38
-3.7883e+37
4.58454e-35
7.30186e-13
7.46671e-13
1.66513e+31
5.06828e-29
7.36984e-11
-6.72708
7.6194e+32
3.44273e+31
204.166
-9.46961e-38
-9.46963e-38
8.03894e+37
6.18775e-28
-1.45362e+22
3.12942e+31
3.30195e+08
1.19484e+14
1.19484e+14
-1.16654e-38
-1.95834e-18
-2.15806e+14
1.58431e-25
-3.45463e+15
14.3151
2.10082e-38
2.10158e-38
nan
3.46986e+06
-9.66787e-35
-1.04243e+06
4.07729e+09
-1.08251e-29
-1.08251e-29
1.78716e+38
5.05125e-29
792.729
643.013
893.845    <--34
-1.34015e-30
-2.86681e+22
-3.18033e+22
-2.99977e+25
1.72237e+12
1.16697e-38
-1.87982e-37
1.06524e+31
5.88879e+19
5.89074e+19
4.5774e-35
-1.51546e-39
11176.5
3.26685e-19
1.77324e+19
-1.75712e+19
-3122.73
-2.85881e+14
-16640.4
-267263
1.94521e+38
nan
4.58571e-35
1.63363e-28
1.37315e-28
-2.7198
3.07582e+23
7.3713e-17
4.11284e-13
-7.58314e-31
3.38281e+31
7.88084e+09
3.36102e+25
3.36102e+25
-1.88015e-37
6.79453e-28
-4.66706e+21
3.31981e+31
2.52412e+09
6.36438e-26
3.30101e-11
-1.44092e-37
-1.10334e-13
2.01041e+22
2.23914e-06
-3.55024e+16
1.44128e+35
-5.55768e-08
-5.55769e-08
-2.63707e-38
1.10625e-17
-8.62325e+09
-9.25793e-10
1.09449e+18
2.54886e+38
1.37314e-28
643.003
-1.9747e+34
792.729
1.58463e-25
8.50373e+37    <--35
-2.60223e+18
2.27091e+31
2.27308e+31
4.44847e-30
7.90282e+11
1.18531e-38
-1.19831e-35
1.06523e+31
-2.55848e+28
-3.68335e+24
4.5708e-35
-1.51546e-39
11176.5
681.723
2.15283e-38
4.8097e-29
4.14469e+30
4.921e+30
1.34683e-17
-4.93022e+27
1.94041e+38
2.18034e-38
4.58145e-35
1.54398e-31
116.088
3.23007e+38
5.06828e-29
5.05125e-29
-3.79788
-1.04236e+22
3.62066e+31
5.7678e+10
1.83176e+37
1.83176e+37
1.1576e-38
-1.88048e-37
nan
3.17933e-29
3.17641e-29
-8.27078e+10
2.42039e-11
-1.16654e-38
-1.95834e-18
4.15302e+34
3.61792e+21
-1.23715e+24
-2.65831e-14
1.70779e+07
1.7078e+07
4.69351e+37
nan
-2.01993e+38
6.1703e-19
4.88329e-19
-2.33479e+26
3.3951e+31
1.78714e+38
5.05125e-29
792.729
643.008
-1.36579e-37    <--36
-7.44153e+28
-1.45438e-34
-1.45595e-34
-3.1631e+27
-5.74229e+26
1.16695e-38
-2.36832e-38
1.06523e+31
-2.4115e-34
-2.08994e+11
4.57401e-35
-1.51546e-39
11176.5
3.26123e-19
3.71125e+34
3.00735e+29
0.012867
0.0171187
1.52045e-17
-4.93022e+27
1.93859e+38
2.21898e-38
4.57998e-35
-1.67343e-19
70.613
1.41239e+31
5.06828e-29
7.36984e-11
-4.22708
-3.21749e+23
9.56664e+30
4.93782e+11
-1.50331e-28
-1.50331e-28
1.50818e+38
3.40664e-28
-1.58458e+30
2.08376e+31
4622.38
1.15359e+27
2.41985e-11
-1.16654e-38
-1.95834e-18
-9.85883e-32
0.00229288
-7.73277e+31
-3.86835e-25
19235.2
19235.3
-2.18722e+21
-5.18811e+14
-1.08841e-19
-7.58215e-37
-4.79283e-29
3.58888e-09
-7.91163e+12
1.78715e+38
5.05125e-29
-nan
1.58462e-25
-3.73065e-37    <--37
-3.57131e-13
-1.74805e-22
-1.75037e-22
-3.16461e+27
-5.74229e+26
1.16695e-38
-2.36832e-38
1.06523e+31
2.60056e+34
2.42041e-11
-1.16654e-38
-1.95834e-18
-1.00953e-28
9.07466e+11
1.33425e+12
1.68405e-17
1.16527e-38
-2.31325e-37
3.67432e-40
3.67348e-40
3.67348e-40
132
-8.27043e+34
-4.45016e+23
4.57369e-35
-1.51546e-39
-3.45896e+30
698640
0.000112534
-8.93552e+20
-1.75037e-22
1.50818e+38
-3.15606e-21
-1.50357e-28
-2.35358e-38
5.39568e-28
-1.56489e-37
-2.43196e-37
-0.0202039
1.37724e+31
5.06828e-29
7.36984e-11
2.57571e-13
-6.20543e+26
12.7659
1.33547e+12
-2.18722e+21
-2.57816
1.00102e-38
-9.91729e+35
3.98785e-13
2.86698e+11
-2.44544e-13
-2.44544e-13
2.34182e-38
-1.17169e-38
-4.59402e-41
-4.1326e-40
0.0471573
-1.20522e+23
5.71274e-36    <--38
-3.16461e+27
0.00784275
131543
1.03859e+34
-270343
-7.26605e+16
6.31831e+18
9.63934e+13
-1.70804e+38
nan
1.222e-38
1.22143e-38
2.62503
-5.14984e+29
5.3179e+32
1.68403e-17
1.16527e-38
1.08137e-38
1.2037e-38
-1.51489e-36
-2.68466e-38
-1.28804e-07
-1.16743e-07
1.17277e-38
-32.001
-4.34845e-34
-9.66962e-35
7.1347e-15
1.13761e-13
-1.19312e-30
-1.74538e-22
1.50818e+38
4.87372e+32
-1.7165e-36
2.05087e-38
5.38379e-28
-2.49892e-30
1.87164e+33
nan
9.14768e-41
5.06838e-29
1.25817e-38
1.25817e-38
1.95156e-39
-28.9659
31.4279
-2.18722e+21
-2.92191
3.64457e-28
-1.36911e+19
2.46053e-13
177668
-0.0284104
-0.0246262
2.34182e-38
-1.17184e-38
3.13646e-27
1.26735e-38
3.88061e-26
3.52691e-23
-1.07072e+31    <--39
-3.16461e+27
0.00196069
-32884.8
4.56608e-13
5.35469e+33
1.19452e-38
7.98654e-23
-7.64347e+30
-1.70804e+38
nan
1.27711e-38
1.27653e-38
2.62503
2.81944e-10
-3.8774e+30
1.6833e-17
1.16527e-38
1.07219e-38
1.2496e-38
-1.51488e-36
-1.0746e-37
-2612.19
-1958.16
1.17338e-38
-1.11026e-16
-2.78301e-32
-2.47565e-32
7.13557e-15
4.65963e-10
-8.6325e-14
-1.60361e-22
1.50818e+38
1.21841e+32
-1.75191e-33
2.04811e-38
6.19484e-28
5.65701e-37
-1.0539e+08
nan
9.14768e-41
5.06838e-29
1.27653e-38
1.27653e-38
1.95156e-39
-65.3871
25.9948
-2.18722e+21
-2.92191
1.8775e-28
-8.68302e+18
770.062
0.116947
-9.84611e+07
-6.62697e+07
2.34182e-38
-1.17209e-38
-9.90291e-32
-9.90289e-32
3.88056e-26
-3.18177e-27
-10.5405    <--40
-3.16461e+27
0.00196069
5.51698e+11
-2.31563e+18
9.60451e-10
1.18529e-38
6.82525e+06
3.05645e-37
-1.70805e+38
nan
1.28629e-38
1.28572e-38
2.62503
-2.18196e-18
-6.5213e+21
1.6833e-17
1.16527e-38
1.063e-38
1.28631e-38
-1.51486e-36
4.83327e+37
-1.51371e+12
-9.69919e+11
1.17389e-38
-1.69412e-21
-1.1132e-31
-9.90289e-32
7.13579e-15
2.46679e-32
6.37993e+06
-1.6016e-22
1.50818e+38
3.04601e+31
-4.47177e-31
2.04535e-38
3.5035e-28
-3.52043e+27
-3.47237e-25
nan
9.14768e-41
5.06837e-29
1.28572e-38
1.28572e-38
1.95156e-39
-97.1589
17.5175
-2.18722e+21
-2.92191
1.0492e-28
nan
-6.20069e-33
2.99179e-08
-9.13749e+15
-5.76496e+15
2.34182e-38
-1.17194e-38
-9.90291e-32
-9.90289e-32
3.88056e-26
-3.05372e+10
8.08475e+28    <--41
-3.16461e+27
0.000490172
-9.9382e+27
-1.01418e-28
-4.84803e+26
6.7635e-18
-8.54668e+27
-8.2953e-35
-1.70805e+38
nan
1.28629e-38
1.28572e-38
2.62503
-8.35637e+33
6.58298e-11
1.68328e-17
1.16527e-38
1.05382e-38
1.33222e-38
-267260
-8.79417e+34
-2.53905e+19
-1.39701e+19
1.17432e-38
-2.64706e-23
-1.1132e-31
-9.90289e-32
7.13579e-15
5.63315e+14
-2.02421e+36
-1.59718e-22
1.50818e+38
7.61488e+30
-4.56775e-28
-1.87651e-37
-1.91335e-34
2.81837e+06
-7.77535e+12
nan
9.47714e-38
5.06837e-29
1.28572e-38
1.28572e-38
1.95228e-39
-124.851
9.01422
1.00306e-23
-2.50073
3.88516e-29
-9.54097e+34
1.3159e+38
9.25355e-09
-4.80781e+22
-2.49242e+22
2.34182e-38
5.56063e-41
1.73462e+38
-2.29592e-40
nan
5.20432e-37
7.21049e-29    <--42
33.3704
-7.9581e-12
6.97865e-18
-4.45798e-16
1.78251e+12
-2.27135e-22
-8.7612e+24
8.95299e+27
-1.70805e+38
nan
1.91113e-37
1.88093e-37
-2.62515
7.94579e+10
nan
1.08735e-35
1.98515
1.45788e-38
1.1577e-38
2.66695e-23
-2.44967e-33
-9.08029e+25
-4.71228e+25
1.17471e-38
-2.64706e-23
-6.79445e-36
-1.53416e-36
7.24529e-15
6.042e-36
-0.380976
3.71834e-32
-1.27322e+37
393530
-1.057e-37
2.28993e-38
-1.91559e-34
2.59014e-12
-2.76109e-08
nan
9.14768e-41
5.06852e-29
1.92502e-37
1.93971e-37
1.1732e-38
-148.963
9.02246
-2.18723e+21
-3.31641
1.87354e-29
-1.69563e+34
9.88834e+37
8.97308e-07
-1.07661e+29
-5.53775e+28
2.34182e-38
5.38099e-41
-2.29408e-40
-2.2995e-40
nan
5.28895e-23
3.30149e-29    <--43
33.3147
-6.08436e+31
-1.05943e-22
32.1231
-5.64566e-33
-3.22779e-36
2.50324e-23
-2.55826e-20
-1.70805e+38
1.37753e-38
1.87709e-37
1.87352e-37
-2.64078
-6.86104e+14
-2.43048e-36
1.12497e-35
1.97733
4.56877e-39
1.15768e-38
3.4662e-21
-2.44966e-33
-7.5818e+31
-3.88146e+31
1.17506e-38
-1.03401e-25
-4.68361e-38
-2.29592e-40
2.89777e-14
1.08843e-19
1.93262e+30
-1.55958e-25
-1.27322e+37
7.42299e+27
4.76302e+37
9.03762e-38
5.28474e+36
-2.8681e-09
7.35209e-06
nan
9.14768e-41
5.06837e-29
1.91032e-37
1.93971e-37
1.1732e-38
-169.987
9.07287
1.00307e-23
-2.37891
8.77615e-30
-4.25936e+32
7.74743e+37
146.166
-3.63416e+34
-1.85763e+34
2.34182e-38
-1.1808e-38
-9.5885e-38
-1.5342e-36
nan
9.32854e-11
5.92027e-29    <--44
33.3567
0.00292951
6.32143e-30
-1.4816e+20
-9.151e+30
-2.90132e+35
-1.62891e+35
nan
-1.70806e+38
nan
1.88174e-37
1.91032e-37
-2.62515
5.45096e+31
4.45782e-14
1.31894e-35
1.97733
5.49774e+11
1.1944e-38
-1047.7
-4.99883e+21
-1.08202e+37
-5.64873e+36
1.17537e-38
-1.61564e-27
3.38953e+38
-2.29233e-40
7.24399e-15
-9.66719e-35
-8.66944e-14
-1.32673e+13
-1.27322e+37
5.58353e-09
4.74485e+37
1.63191e+38
-1.91312e-34
-1.53173e+34
4.23646e+37
nan
9.14768e-41
1.70144e+38
1.88093e-37
1.88093e-37
1.1732e-38
-188.272
9.04314
1.00308e-23
-1.97852
4.0676e-30
-2.13981e+33
6.45195e+37
0.0013877
2.03878e-38
9.09185e-39
2.34182e-38
5.23749e-41
-2.39701e-38
-9.58792e-38
nan
3.80389
8.18362e-29    <--45
33.4543
3.8771e-26
-2.35327e-38
-9.48107e+21
0.00104526
-2.40906e-20
-7.60752e-09
7.76141e-06
-1.70801e+38
1.33161e-38
1.90277e-37
-4.19447e+09
2.17749e+26
4.59149e-41
2.17772e+26
4.59149e-41
-0.948786
3.06646e-41
