988.3    <--0
33.57
560
-2.01953
-0
-0
6.36541e-25
4.59163e-41
0
0
1.77965e-43
1.17087e-38
1.70803e+38
1.70801e+38
1.43493e-41
2.98555e+33
2.04041e-35
9.86084e-32
3.52643e-38
-5.62963e+14
1.67132e+35
4911.98
-1.32921e+36
0
0
4.5559e-41
3.38953e+38
5.34438e-29
5.32736e-29
-3.67935e-39
2.29717e-27
1.02023e+22
6.66532e-40
1.99426
1.1709e-39
1.78144e-38
2.16625e-22
nan
1.06499e-43
0
1.16631e-38
1.70141e+38
-1.16633e-38
-1.51531e-39
8.02137e-15
7.63929e-06
4.4671e-11
6.12223e-28
-2.60591e+38
3.25216e-19
7408.12
nan
-2.01072e+38
9.02198e-41
0
1.70141e+38
0
1.70803e+38
5.05125e-29
5.05125e-29
3.90306e-39
988.3    <--1
33.3508
560.001
-1.92383
-2.49524e+27
-4.60197e+26
6.36787e-25
7.02541e-39
0
0
1.77965e-43
1.17087e-38
-1.51546e-39
-1.51531e-39
2.27652e-13
2.98587e+33
1.09033e-35
9.86806e-32
-6.08463e+31
-1.58697e+29
-4.10727e-32
2263.93
-1.32921e+36
0
0
4.5559e-41
3.38953e+38
5.06828e-29
5.05125e-29
-3.67934e-39
2.30979e-27
4.0474e+24
2.22774e-39
1.99426
5.02797e-39
2.15422e+14
-3.31886e+32
nan
1.06499e-43
0
1.16631e-38
1.70141e+38
-1.16633e-38
-1.51531e-39
8.02137e-15
7.63929e-06
-2.60019e-21
2.50766e-24
-2.60591e+38
5.72021e-06
118.428
2.1396e-38
-2.01075e+38
9.02198e-41
0
1.70141e+38
0
1.70803e+38
5.05125e-29
5.05125e-29
3.90306e-39
988.3    <--2
33.3524
560.001
-1.87695
-2.22443e+27
-5.23071e+26
6.39015e-25
7.02541e-39
0
0
1.77965e-43
1.17087e-38
-1.51546e-39
-1.51531e-39
2.27652e-13
2.98587e+33
1.09584e-35
9.86806e-32
-2.37681e+29
-4.15913e+34
-1.5893e-34
6272.11
-1.32921e+36
0
0
4.5559e-41
3.38953e+38
5.06828e-29
5.05125e-29
-3.67934e-39
1.22767e-29
1.0292e+26
2.22774e-39
1.99426
1.53821e-39
1.14799e-38
-9.85898e-32
nan
5.53461e-40
5.51021e-40
-3.38953e+38
4.15384e+34
-1.16633e-38
-1.51531e-39
1.28342e-13
-3.85686e-34
2.10953e+11
9.56598e-30
6.24912e-39
-1.00566e+08
4.39736e+37
2.24272e-38
-2.01168e+38
7.58948e-21
6.78247e-21
1.70297e+38
3.57331e-43
1.70803e+38
5.05125e-29
5.05125e-29
3.90307e-39
987.649    <--3
33.3598
560
-1.5957
2.32276e-35
-7.02537e+28
7.27557e-25
8.47409e-31
9.15777e-41
-1.51564e-39
-1.51531e-39
2.27666e-13
-1.51529e-39
-1.53797e-39
2.27666e-13
2.36853e+33
1.13065e-35
9.86234e-32
-3.04595e+23
6.19286e+26
4.56482e-13
987.119
33.3555
1.10202e-39
-1.72656
1.18113e-34
-6.97216e+30
4.62346e-29
7.95893e-28
1.20306e-38
1.20306e-38
3.04864e+29
2.24208e-39
1.99426
1.53821e-39
1.14799e-38
1.57823e+33
1.09588e-35
9.8602e-32
-1.54743e+26
2.34904e-38
6.48799e-27
1.95693e+31
5.7719e+28
-8.64448e+09
-8.64446e+09
9.96175e+32
3.07635e-24
-2.60591e+38
7.5691e-29
1.07519e+37
6.73433e+22
3.20769e+25
-nan
1.54143e-44
-nan
1.15744e-38
-7.67184e-34
0.000977054
3.21628e-38
3.21433e-38
984.018    <--4
1.03244e+28
560.001
-1.79883
4.33464e-38
-3.46833e+33
2.06005e+08
-4.02966e+36
4.30339e-42
-8.72458e-11
4.56403e+37
1.59533e+38
-1.51763e-39
-1.36654e-19
-1.09797e-19
6.57277e+32
1.13065e-35
9.86811e-32
-2.2667e+23
6.19286e+26
4.56482e-13
983.414
33.3564
1.10202e-39
-1.67969
5.34442e-33
-9.6715e+26
5.69667e-29
6.94682e-16
1.19025e-37
1.19025e-37
3.04864e+29
4.97928e-40
-2.35587e-38
1.53821e-39
1.14799e-38
3.39653e+32
1.10648e-35
9.8602e-32
-5.76461e+17
8.7864e+12
-4.67509e-10
-1.30537e-23
0.00284577
-1.94775e-06
-1.94775e-06
9.96175e+32
1.10977e-35
-2.60591e+38
7.5691e-29
1.07519e+37
3.01381e-15
3.72149e+25
-nan
1.54143e-44
-nan
1.19425e-38
2.71889e+36
0.000977058
6.44136e-37
6.43622e-37
984.052    <--5
6.45273e+26
560
-1.79883
4.33464e-38
-3.37242e-29
1.63209e+37
-4.02966e+36
4.30339e-42
-0.374756
-2.55532e-38
2.18676e-38
-1.53125e-39
2.28618e-27
1.66701e-27
6.69696e+32
1.13065e-35
9.86239e-32
-2.2667e+23
6.19286e+26
4.56482e-13
977.182
33.3553
1.10202e-39
-1.71094
4.75702e-32
-1.69252e+27
7.15953e-29
0.000565447
5.17262e-36
5.17262e-36
3.04864e+29
4.97928e-40
1.99426
1.53821e-39
1.14799e-38
3.27405e+31
1.1098e-35
9.8602e-32
-9.0072e+15
-130915
-128.508
-0.98831
1.40307e-34
-1.99246e-06
-1.99245e-06
9.96176e+32
1.10977e-35
-2.60591e+38
7.5691e-29
1.07519e+37
71766
2.11885e+26
-nan
1.54143e-44
-nan
1.19429e-38
4.35075e+37
0.000977063
6.10375e-35
6.09474e-35
984.104    <--6
6.45273e+26
560
-1.79883
4.33464e-38
3.0083e+15
-9.91809e-27
-4.02966e+36
4.30339e-42
-0.093689
-1.03108e-37
3.32875e-37
-1.54486e-39
-1.70192e-19
-1.14879e-19
6.87701e+32
1.13065e-35
9.86239e-32
-2.2667e+23
6.19286e+26
4.56482e-13
968.422
33.3544
1.10202e-39
-1.74219
2.35732e-31
-4.27965e+26
8.65806e-29
4.70241e+08
1.05947e-33
1.05947e-33
3.04864e+29
4.97928e-40
1.99426
1.53821e-39
1.14799e-38
1.21607e+30
1.10761e-35
9.8602e-32
-1.44115e+17
-3.51445e+13
-4.6652e-41
-1.91926e+22
-1.51531e-39
-3.69951e+10
-3.69948e+10
9.96176e+32
1.10977e-35
-2.60591e+38
7.5691e-29
1.07519e+37
-8842.75
3.80249e+26
-nan
1.54143e-44
-nan
1.19433e-38
8.2382e+37
5.05132e-29
2.54883e-32
2.54306e-32
984.172    <--7
6.45273e+26
560
-1.79883
4.33464e-38
-0.166994
-2.30911e-36
-4.02966e+36
4.30339e-42
-2.5153e+07
-1.03639e-37
1.61994e+38
-1.55492e-39
52.5137
35.0645
7.11193e+32
1.13065e-35
9.8624e-32
-2.2667e+23
6.19286e+26
4.56484e-13
957.43
33.3527
1.10202e-39
-1.97656
4.43734e-31
-5.7045e+30
9.40686e-29
280.129
7.85942e-31
7.85942e-31
3.04864e+29
5.05461e-40
1.99426
1.53821e-39
1.14943e-38
2.57357e+28
1.12409e-35
9.8602e-32
3.9443e-31
1.61671e-27
-9.25885e+18
-7.87663e+28
2.78297e-32
-0.00871186
-0.00871183
9.96355e+32
1.25093e-35
-2.60591e+38
7.5691e-29
1.07519e+37
-2.74993e+27
1.42822e+31
-nan
1.54143e-44
3.44387e-40
1.1576e-38
-1.87312e-37
5.05132e-29
2.52863e-29
2.52559e-29
1020.25    <--8
6.92856e+35
560
-1.79883
4.33464e-38
-3.29338e-32
3.69437e-35
-4.02966e+36
4.30339e-42
-6.288e+06
4.69786e+37
2.23117e-38
-1.55995e-39
1.24057e+10
9.75177e+09
7.36823e+32
1.13065e-35
9.86811e-32
-2.2667e+23
-3.02114e+23
4.56482e-13
945.58
33.3647
1.10202e-39
-1.77344
7.95018e-31
-9.35892e+29
1.68652e-24
0.00344086
1.09224e-27
1.09224e-27
3.04864e+29
4.82861e-40
-2.36018e-38
nan
1.14801e-38
3.6488e+26
1.15631e-35
9.8602e-32
-4.05648e+31
-6.93622e-18
-3.79289e+22
3.05135e-33
-5.82069e-11
1.19624e-25
1.19623e-25
9.96177e+32
1.12857e-35
-2.60591e+38
7.5691e-29
1.07519e+37
-21.396
4.22341e+31
-nan
1.54143e-44
-nan
1.19436e-38
-15.931
nan
5.62414e-26
5.61756e-26
984.337    <--9
4.22886e+31
560
-1.79883
4.33464e-38
2.86894e+09
-2.30883e-36
-4.02966e+36
4.30339e-42
-4.64133e+26
1.88605e+38
-nan
-2.0216e+38
1.49234e-31
1.16363e-31
7.659e+32
1.13065e-35
9.8624e-32
-2.2667e+23
6.19286e+26
4.56482e-13
932.03
33.3626
1.10202e-39
-1.83594
1.61469e-30
-1.40043e+28
2.02307e-24
132.5
3.98329e-24
3.98329e-24
3.04864e+29
2.24495e-39
1.99426
nan
1.14801e-38
2.8642e+24
1.1517e-35
9.8602e-32
-6.1897e+26
1.08354e-19
1.54667e-33
1.37154e-17
-7.70361e-34
3.59025e-08
3.59024e-08
9.96177e+32
1.13328e-35
-2.60591e+38
7.5691e-29
1.07917e+37
8.36719e-16
2.4246e+32
-nan
1.54143e-44
-nan
1.18519e-38
5.31554e+36
nan
3.59462e-22
3.59176e-22
984.435    <--10
6.60759e+29
560
-1.79883
4.33464e-38
3.98145e-08
2.42081e-30
-4.02966e+36
4.30339e-42
-7.42628e+27
-1.04581e-37
nan
-2.02295e+38
-3.87793e-32
-3.03418e-32
7.9884e+32
1.13065e-35
9.86812e-32
-2.2667e+23
6.19286e+26
4.56482e-13
916.734
33.3625
1.10202e-39
-1.89844
3.01985e-30
-1.57065e+28
2.35891e-24
2.91635e+07
4.2801e-20
4.2801e-20
3.04864e+29
2.24495e-39
1.99426
2.1168e-38
1.14799e-38
1.24496e+22
1.14552e-35
9.8602e-32
-3.96141e+28
-6.30749e-30
2.31471e+18
0.0688494
3.63793e-12
8.13243e-27
8.13239e-27
9.96178e+32
3.12805e-24
-2.60591e+38
-3.02113e+23
1.07917e+37
2.20308e-22
9.77784e+31
-nan
1.54143e-44
-nan
1.16684e-38
1.7009e+38
nan
6.37813e-18
6.37338e-18
984.546    <--11
6.60759e+29
560
-1.79883
4.33464e-38
1.17512e+13
-0.19178
-4.02966e+36
4.30339e-42
-1.13309e+23
-2.62205e-38
1.56125e+38
-2.02429e+38
-8.81664e+08
-6.91243e+08
8.35662e+32
1.13065e-35
9.8624e-32
-2.2667e+23
6.19286e+26
4.56482e-13
899.69
33.3633
1.10202e-39
-1.90625
5.39876e-30
-7.4803e+24
2.69513e-24
1.12099e+12
1.31944e-15
1.31944e-15
3.04864e+29
2.24495e-39
1.99426
1.53821e-39
1.14799e-38
2.93771e+19
1.14631e-35
9.8602e-32
-2.59615e+33
-1.47533e+20
1.82615e-12
2.72734e+11
-4.19425e+06
-2.51401e-06
-2.514e-06
9.96178e+32
1.15208e-35
-2.60591e+38
7.5691e-29
1.4075e+37
-8.17721e-13
1.20596e+32
-nan
1.54143e-44
7.11732e-40
1.16684e-38
4.28484e+37
nan
3.09525e-13
3.09382e-13
984.667    <--12
1.77371e+38
560
-1.79883
5.24026e-14
1.48321e-16
-9.72354e+29
-4.02966e+36
4.30339e-42
2.82136e-37
1.90028e+38
1.49739e-30
-2.02502e+38
-2.70225e-12
-2.45382e-12
8.75554e+32
1.13065e-35
9.86813e-32
-2.2667e+23
6.19286e+26
4.56482e-13
881.465
33.3631
1.10202e-39
-1.84375
7.00111e-30
-1.32313e+31
2.87587e-24
5.35937
8.23922e-11
8.23922e-11
3.04864e+29
2.24495e-39
1.99426
nan
1.14801e-38
4.85623e+16
1.14576e-35
9.8602e-32
-9.44473e+21
1.10927e-16
-1.04249e+34
7.49744e+22
-2.07689e+34
-1.15864e+07
-1.15864e+07
9.96179e+32
1.10977e-35
-2.60591e+38
-3.02113e+23
1.07917e+37
-7.73799e+31
9.5243e+31
-nan
1.54143e-44
-nan
1.18522e-38
5.54774e+37
nan
2.7621e-08
2.76136e-08
984.796    <--13
1.03244e+28
560.001
-1.79883
4.33464e-38
5.04709e+22
-4.57155e-08
-4.02966e+36
4.30339e-42
-4.86728e+32
-2.63231e-38
nan
-2.02637e+38
1.62604e-22
3.64399e-31
-2.2667e+23
6.19286e+26
1.06744e+37
-6.00525
3.23242e+31
-nan
-3.76159e-37
-1.19615e-36
-1.19615e-36
-1.19615e-36
-1.19615e-36
-6.06888e+26
-1.88034e-37
1179.98
1.27717e-05
1.27683e-05
3.04801e+29
5.00439e-40
1.99426
1.53821e-39
1.14799e-38
2.44342e-35
1.59287e+34
-1.72746e+07
-1.72746e+07
-2.7012e+16
-1.04239e+34
2.19336e-38
-3.22484e-27
-6.59021e-22
-6.14133e-22
9.41156e+32
3.12805e-24
-2.60591e+38
-3.02113e+23
1.07917e+37
3.8417e-12
851.217
-nan
1.54143e-44
-nan
1.31379e-38
-2.37848e+27
nan
256274
0.00730085
0.00730085    <--14
6.60759e+29
560
-1.79883
8.4671e-38
-1.28648e-34
1.04294e+12
-5.08052e+36
4.30339e-42
-2.83267e+22
-7.72261e-18
-117.99
-1.95677e-31
-6.53236e+37
7.982e+08
7.982e+08
1.13065e-35
9.8624e-32
-2.2667e+23
6.19286e+26
4.56482e-13
7.72778e-29
7.70944e+31
1.10202e-39
-1.92188
1.40516e-30
-6.06888e+26
-4.81215e-35
1179.99
5.79056
5.78915
3.04846e+29
4.99721e-40
1.99426
1.53821e-39
1.14799e-38
9.09658e-32
6.27375e-39
9.8602e-32
-2.59615e+33
-2.47519e+27
-1.05622e-37
9.67309e+36
-3.22597e-27
4.67477e-11
4.4379e-11
9.89684e+32
1.14738e-35
-2.60591e+38
7.5691e-29
1.07519e+37
-6.11452e+22
828.951
-nan
1.54143e-44
-1.94336
1.91018e-38
-1.46352e+23
nan
3.67563e+08
5480.71
5480.71    <--15
4.22886e+31
561.86
-1.79883
4.33464e-38
2.86894e+09
4.284e+08
-4.03663e+36
4.30339e-42
-3.11481e+34
-1.44079e+17
1.94944e+06
-5.54805e-20
-4.08273e+36
7.28282e-10
7.28282e-10
1.13065e-35
1.91069e-31
-2.2667e+23
6.19286e+26
4.56482e-13
2.03295e+14
63.0667
1.10202e-39
-1.92969
2.67473e-30
-9.59417e+27
-9.47014e-38
1179.99
6.17066e+06
6.16995e+06
3.04895e+29
2.70675e+33
1.99426
1.53821e-39
1.14799e-38
-0.000109343
5.65774e+19
9.8602e-32
-2.59615e+33
-2.47519e+27
-6.69563e+35
nan
-3.22681e-27
5.59345e+10
5.51145e+10
1.04108e+33
1.14738e-35
-2.60593e+38
7.5691e-29
1.07519e+37
-6.11452e+22
805.496
-nan
1.54143e-44
-nan
2.51505e-29
-1.1747e+23
nan
9.24856e+10
7.96288e+09
7.96288e+09    <--16
4.22886e+31
561.844
-1.79883
4.33464e-38
2.86894e+09
113332
-5.10129e+36
4.30339e-42
-3.11481e+34
2.46454e-32
-2.54505e+30
-2.31455e-10
-1.55071e-28
-4.15264e-29
-4.15264e-29
1.13065e-35
1.89528e-31
-2.2667e+23
6.19286e+26
4.56482e-13
6.89657e+13
3.04777e+33
1.10202e-39
-1.92969
-nan
1.16689e-38
-9.46935e-38
1179.99
1.29417e+13
1.29421e+13
3.04945e+29
6.76688e+32
1.99426
1.53821e-39
1.14799e-38
1.01834e-13
-1.28627e+07
9.86023e-32
-2.59615e+33
2.25117e+15
-2.64723e-38
2.09051e-38
-3.2276e-27
-6.57224e+28
-6.68286e+28
1.09492e+33
1.14738e-35
-2.60593e+38
7.5691e-29
1.07519e+37
-6.11452e+22
780.928
-nan
1.54143e-44
-nan
3.39321e-29
-3.02645e+19
nan
1.32813e+13
2.4116e+16
2.4116e+16    <--17
4.22886e+31
561.844
-1.79883
4.33464e-38
2.86894e+09
20.8989
-5.09188e+36
4.30339e-42
-3.11481e+34
3.05095e-05
7.30417e-12
-3.96093
-9.9676e+32
1.71324e+28
1.71324e+28
1.13065e-35
1.89528e-31
-2.2667e+23
6.19286e+26
4.56482e-13
3.42404e-30
5.22948e+32
1.10202e-39
-1.92969
-nan
1.16689e-38
1.07053e+37
1179.99
5.31333e+19
5.31427e+19
3.04999e+29
6.76688e+32
1.99426
1.53821e-39
1.14799e-38
2.27097e+30
6.21922e+31
9.86023e-32
-2.59615e+33
-2.97062e+28
1.91809e+38
2.07042e-38
-3.22844e-27
4.17455e-32
4.37272e-32
1.15125e+33
1.14738e-35
-2.60593e+38
7.5691e-29
1.07519e+37
-6.11452e+22
755.253
-nan
1.54143e-44
-1.94336
4.18096e-29
-7.07955e+27
nan
1.2514e+15
1.34822e+23
1.34822e+23    <--18
4.22886e+31
561.86
-1.79883
4.33464e-38
1.48321e-16
0.00265464
-5.11476e+36
4.30339e-42
1.76292e-38
5.49764e+11
6.67232e+35
-1.67119e+07
1.51437e-31
-3.63674
-3.63674
1.13065e-35
1.94921e-31
-2.2667e+23
6.19286e+26
4.56482e-13
-7.68569e-32
1.10674e+33
1.10202e-39
-1.92969
1.07908e-39
1.1669e-38
-1.99683e-37
1179.99
3.75345e+26
3.75783e+26
3.05054e+29
-9.80459e-38
1.99426
1.53821e-39
1.14799e-38
-7.16591
5.76634e-37
9.86023e-32
-1.06338e+37
-4.15331e+34
1.91907e+38
2.22715e-38
-3.22878e-27
3.94738e+36
4.95316e+36
1.20927e+33
1.14738e-35
-2.60594e+38
7.5691e-29
1.07519e+37
-6.11452e+22
728.957
-nan
1.54143e-44
-nan
4.63455e-29
-4.45664e+28
nan
0.477086
1.13119e+30
1.13119e+30    <--19
4.22886e+31
560
-1.79883
8.4671e-38
-1.28648e-34
2.6708e-07
-5.10665e+36
4.30339e-42
-2.76611e+19
4.53915e+31
-3.70388e+19
-2.80379e+14
9.4648e-33
1.04937e+12
1.04937e+12
1.13065e-35
9.8624e-32
-2.2667e+23
6.19286e+26
4.56482e-13
-7.11602e+17
9.29271e+32
1.10202e-39
-1.97656
-nan
1.18527e-38
1.71387e+38
1180
4.12239e+33
4.12678e+33
3.0511e+29
5.01156e-40
1.99426
1.53821e-39
1.14943e-38
1.53376e+23
6.49145e-22
9.86023e-32
-4.25353e+37
-6.64571e+35
-2.65469e-38
nan
-3.22962e-27
3.15938e+06
4.10077e+06
1.26913e+33
1.14738e-35
-2.60593e+38
7.5691e-29
1.07519e+37
-6.11452e+22
701.675
-nan
1.54143e-44
-1.94336
5.79812e-29
-3.96147e+28
nan
7.35212
1.74037e+37
1.74037e+37    <--20
4.22886e+31
561.86
-1.79883
4.33464e-38
2.86894e+09
1.9507e-11
-4.04466e+36
4.30339e-42
-4.53237e+23
-4.68637e-22
2.72102e-20
-4.94711e+24
-1.3192e+10
7.40037e+19
7.40043e+19
1.13065e-35
1.89528e-31
-2.2667e+23
6.19286e+26
4.56482e-13
-1.25516e+24
6.80811e+32
1.10202e-39
-1.98438
-nan
1.16691e-38
4.28429e+37
1180
-7.26634e-37
-7.27377e-37
3.05169e+29
6.76688e+32
1.99426
1.53821e-39
1.14799e-38
1.34776e-36
4.46027e-11
9.86023e-32
-4.25353e+37
-1.90123e+30
-2.65756e-38
-1.56543e+38
-3.23041e-27
-3.93383e-26
-5.43581e-26
1.36484e+33
1.14738e-35
-2.60593e+38
7.5691e-29
1.07519e+37
-6.11452e+22
673.282
-nan
1.54143e-44
-1.95898
7.3364e-29
-1.34494e+25
nan
354.536
-4.51481e-33
-4.51481e-33    <--21
4.22886e+31
561.844
-1.79883
4.33464e-38
2.86894e+09
8.92729e-16
-5.10551e+36
4.30339e-42
-7.42628e+27
-142.348
8.03102
-8.49983e+34
-1.58793e-25
-2.12939e+25
-2.12941e+25
1.13065e-35
1.89528e-31
-2.2667e+23
6.19286e+26
4.56482e-13
-3.65744e-13
5.5337e+32
1.10202e-39
-1.92188
-nan
1.16691e-38
-1.87246e-37
1180
-3.14107e-29
-3.14682e-29
3.0523e+29
6.76688e+32
1.99426
1.53821e-39
1.14799e-38
-1.34776e-36
5.90225e-34
9.86023e-32
-2.59615e+33
-2.47519e+27
1.92525e+38
3.79224e+34
-1.93121e-27
2.22441e+17
3.31829e+17
1.49442e+33
1.14738e-35
-2.60593e+38
7.5691e-29
1.07519e+37
-6.11452e+22
643.778
-nan
1.54143e-44
-1.94336
8.83523e-29
-4.55713e+23
6.90159e-24
15825.1
-2.62676e-25
-2.62676e-25    <--22
4.22886e+31
561.844
-1.79883
4.33464e-38
2.86894e+09
3.0197e-20
-5.10875e+36
4.30339e-42
-3.11481e+34
-9.66901e+24
-8.83074e+12
3.12972e-33
2.21323e+17
-9.5281e+28
-9.52817e+28
1.13065e-35
1.89528e-31
-2.2667e+23
6.19286e+26
4.56482e-13
1.72706e-15
5.45764e+32
1.10202e-39
-1.92969
2.67473e-30
1.16692e-38
-1.88008e-37
1176.78
-2.59773e-21
-2.60217e-21
3.05294e+29
6.76688e+32
1.99426
1.53821e-39
1.14799e-38
-1.3536e+23
-3.79325e+27
9.86023e-32
-2.59615e+33
-2.47519e+27
1.92712e+38
3.72969e+37
-1.93199e-27
-1.69695e-19
-2.72113e-19
1.62896e+33
1.14738e-35
-2.60593e+38
7.5691e-29
1.07519e+37
-6.11452e+22
613.162
-nan
1.54143e-44
-nan
1.03385e-28
-2.29037e+23
7.78046e-24
775241
-2.89787e-17
-2.89787e-17    <--23
4.22886e+31
561.844
-1.79883
4.33464e-38
2.86894e+09
6.89602e-25
-5.10851e+36
4.30339e-42
-3.11481e+34
3.94327e-31
3.61685e+16
5.25267e-23
8.44281e+11
1.65827e+30
1.65828e+30
1.13065e-35
1.89528e-31
-2.2667e+23
6.19286e+26
4.56482e-13
1.47375e+17
6.345e+32
1.10202e-39
-1.92969
-nan
1.15774e-38
-9.46938e-38
1176.78
-4.07301e-13
-4.07972e-13
3.0536e+29
6.76688e+32
1.99426
1.53821e-39
1.14799e-38
2.54584e-14
-2.54521e+35
9.86023e-32
-2.59615e+33
2.25117e+15
1.92894e+38
1.51034e+38
-1.93283e-27
5.85437e+19
1.00522e+20
1.7684e+33
1.14738e-35
-2.60593e+38
7.5691e-29
1.07519e+37
-6.11452e+22
581.435
-nan
1.54143e-44
-nan
1.30995e-28
-2.62293e+19
8.60714e-24
3.44111e+07
-6.6559e-09
-6.6559e-09    <--24
4.22886e+31
561.844
-1.79883
4.33464e-38
2.86894e+09
1.05077e-29
-5.10851e+36
4.30339e-42
-3.11481e+34
4.65539e-10
-2.4749e-32
2.26031e-13
2.54067e-24
1.12303e+29
1.12304e+29
1.13065e-35
1.89528e-31
-2.2667e+23
6.19286e+26
4.56482e-13
1.95703e+06
6.26893e+32
1.10202e-39
-1.92969
-nan
1.1853e-38
1.04539e+34
1176.79
-3.10661e-05
1.99616
1.53821e-39
1.14799e-38
-3.54839e+28
-3.9764e+33
-3.96119e+28
-4.27997e+31
3.37719e+38
561.851
-1.79883
-1.08802e-14
9.86023e-32
-3.96141e+28
0.0424793
1.40436e+38
1.75406e-38
1.0016e-19
-4.01363e+27
-4.02189e+27
1.13065e-35
1.89528e-31
-1.41875e+19
6.09816e+37
5.23129e+08
-2.99611
-2.99611
-nan
1.54143e-44
2.89617e-11
-8.847e+11
-0.500587
1.066e-34    <--25
4.29413e+09
7.96288e+09
3.0492e+29
3.58236e+10
-7.13331
0.00385278
-4.36846e+18
-1.18424e+26
-1.18425e+26
-5.10214e+36
4.30339e-42
-1.27562e+38
5.28983e+08
3.53524e-39
-4.60521e+29
nan
-4.02189e+27
1.05432e+33
6.26893e+32
1.95787e+06
2.11738e+37
5.06056e+30
-80031.5
-80271.2
4.27907e+32
1.10202e-39
-1.86719
-3.92911e+36
8.84103e-16
3.456e+10
-1.55296e+31
7.96282e+09
7.96288e+09
-3.97642e+33
561.523
4.62372e-41
3.37973e+38
5.71332e+13
1.11787e+14
-2.25752e-14
9.86023e-32
-3.96141e+28
0.0424793
1.40436e+38
1.75406e-38
514.648
-4.01363e+27
-4.02189e+27
565.849
1.79852e-31
-1.06687e+18
6.62991e+37
2.56956e+10
-2.54693e+09
-2.54693e+09
-nan
1.54143e-44
2.89617e-11
-8.847e+11
-0.500587
-1.05636e+37    <--26
4.29413e+09
7.96288e+09
3.0492e+29
6.60828e+29
9.49251e-15
1.83505e+07
-5.25834e-17
-4.86257e+20
-4.86261e+20
-5.10215e+36
4.30339e-42
-1.27562e+38
5.28983e+08
3.53524e-39
-3.52371e-19
nan
-4.02189e+27
1.05432e+33
1.14738e-35
4.56489e-13
6.69076e+35
5.06057e+30
-9.80338e+13
-9.83176e+13
4.28057e+32
1.10202e-39
-1.86719
-3.92911e+36
8.84103e-16
9.96125e+27
-1.55251e+31
7.96282e+09
7.96288e+09
-3.97642e+33
1.15259e-38
nan
3.38062e+38
-4.05645e-32
-8.4181e-32
-2.42635e-14
9.86023e-32
-3.96141e+28
0.0424793
1.40436e+38
1.75406e-38
479.587
-4.01363e+27
-4.02189e+27
565.849
2.28396e+37
-1.89264e+15
7.19477e+37
1.1463e+12
-4.26705e+18
-4.26705e+18
-nan
1.54143e-44
2.89617e-11
-8.847e+11
-0.500587
-2.55064e+26    <--27
4.29426e+09
7.96288e+09
7.59008e-31
-4.85082e-29
1.28648e-34
2.94993e+17
7.32905e+25
7.77662e+12
7.77669e+12
-5.10215e+36
4.30339e-42
-1.27562e+38
5.28983e+08
3.53524e-39
-1.24019e+11
1.01687e-35
1.89528e-31
-2.2667e+23
6.19286e+26
4.5649e-13
6.69062e+35
5.06057e+30
-2.32967e+23
-2.33638e+23
4.28211e+32
1.10202e-39
-1.86719
-3.92911e+36
8.84103e-16
-3.89111e+25
2.78368e-12
6.76688e+32
1.99426
1.53821e-39
1.1537e-38
1.99904e-38
3.38146e+38
0.0520987
0.114376
-2.60061e-14
9.86023e-32
-3.96141e+28
0.0424793
1.40436e+38
1.75406e-38
443.414
1.14738e-35
-2.60593e+38
7.5691e-29
2.57954e-31
-1.06884e+16
7.72653e+37
4.16295e+13
-1.46952e+28
-1.46952e+28
-nan
1.54143e-44
2.89617e-11
-8.847e+11
-0.500587
-2.69635e+15    <--28
4.23899e+31
561.844
-1.79883
-2.14641e-10
1.91483e+09
1.25731e+27
-248318
1938.14
1938.15
-5.10216e+36
4.30339e-42
-1.27562e+38
5.28983e+08
3.53524e-39
9.88786e+31
1.12502e-35
1.89528e-31
-2.2667e+23
6.19286e+26
-1.44659e+22
2.12551e+37
5.06058e+30
-1.0767e+33
-1.07985e+33
-nan
1.18528e-38
1.69423e+38
1180
-5.61457e-35
-5.62453e-35
-1.03662e-20
6.76688e+32
1.99426
1.53821e-39
1.15477e-38
nan
3.38234e+38
2.61333e+26
6.05483e+26
-2.48006e+30
-2.65756e-38
-1.56543e+38
-3.23041e-27
-3.93383e-26
-5.43581e-26
406.13
1.14739e-35
-2.60593e+38
7.5691e-29
3.28023e+37
-4.40266e+13
8.29197e+37
1.94787e+15
-9.23776e+37
-9.23776e+37
6.98141e-29
-3.33668e+26
nan
101.634
-5.62453e-35
-13438.9    <--29
7.82914e+31
561.844
-1.79883
-8.38657e+06
6.64341e-09
1.32405e+36
1.11832e+21
-1.90183e-09
-1.90181e-09
2.19845e+12
-7.65944e-06
-1.67091e+07
-2.42299e-30
-1.6963e+22
-3.48506e-28
4.06185e+33
1.90298e-31
-2.2667e+23
6.19286e+26
1.95788e+06
1.71389e+38
5.06058e+30
8.17349e-35
8.16364e-35
2.45648e-42
1.18526e-38
1.7139e+38
1179.99
7.26448e+24
-5.4686e-12
1.13934e-08
2.70679e+33
1.99426
7.22296e-35
563.234
2.73748e-05
3.3828e+38
1.44806e-37
1.02127e-37
-4.00663e+19
7.65898e-06
2.72734e+11
262140
-3.88083e-11
-5.43581e-26
368.038
1.14738e-35
-2.60593e+38
7.5691e-29
3.56269e+37
-2.13092e+30
8.67347e+37
6478.31
8.82831e-30
8.82831e-30
2.02038e-38
-2.38396e+23
nan
2.11618e+09
180513
-4.12376e-08    <--30
4.88029e+30
560.001
nan
-1.06287e+18
10944.1
-4.90841e-35
5.03649e+36
1.78219e+26
1.78218e+26
4.53904e+31
-3.70388e+19
-2.80379e+14
-6.22975e+31
1.78116e+22
6.43875e+12
2.16276e+33
9.8624e-32
-2.2667e+23
6.19286e+26
-1.4466e+22
6.81024e+37
5.06059e+30
1.11331e-24
1.11212e-24
-nan
1.19443e-38
8.40436e+37
1179.99
174.303
-5.24402e-34
4.1433e-20
2.70679e+33
1.99426
-1.94699e+33
563.687
2.18044e-38
3.38369e+38
-1.57873e+31
-1.23556e+31
-7.72225e+29
-2.65756e-38
-1.56543e+38
-3.23041e-27
-3.93383e-26
-5.43581e-26
329.01
1.14947e-35
-2.60593e+38
-1.97578
3.74401e-31
-3.47961e+27
9.80367e+37
125669
1.65278e-19
1.65278e-19
5.79812e-29
-3.96147e+28
nan
7.35212
1.74037e+37
-5.85236e-20    <--31
4.23255e+31
561.844
-1.79883
-7.65865e+34
-10944.1
-8.33666e-25
1.16759e-32
-1.36159e-22
-1.36159e-22
-1.61517e-27
4.55814e-41
-1.90376e+22
-2.37646e+26
6.79994e+10
-8.15238e-33
1.55428e+33
9.8624e-32
-2.2667e+23
6.19286e+26
1.16696e-38
4.28343e+37
5.06059e+30
2.77871e-14
2.77733e-14
4.26336e+32
1.10202e-39
-1.86719
-3.92911e+36
8.84103e-16
2059.94
-1.44316e+22
6.76688e+32
1.99426
1.53821e-39
1.94106e+38
1.36403e+20
3.38452e+38
2.3223e+20
1.99893e+20
-9.6245e-15
9.86023e-32
-3.96141e+28
0.0424793
1.40436e+38
1.75406e-38
288.871
1.14947e-35
-2.60593e+38
7.5691e-29
4.49404e-28
-2.28564e+24
1.08662e+38
1.07682e+06
6.05926e-09
6.05926e-09
-nan
1.54143e-44
2.89617e-11
-8.847e+11
-0.500587
-4.09862e-32    <--32
7.82134e+31
561.844
-1.79883
1.03372e-25
128.504
-1.43223e-14
9.03376e-07
46663.3
46663.2
-5.1021e+36
4.30339e-42
-1.27562e+38
5.28983e+08
3.53524e-39
2.75035e-09
1.45069e-35
1.89528e-31
-2.2667e+23
6.19286e+26
1.16696e-38
-1.69647e-37
5.0606e+30
0.00150522
0.00150474
-nan
1.16691e-38
8.27155e+37
1176.78
-2.78022e-27
-2.78406e-27
-0.0119326
6.76688e+32
1.99426
1.53821e-39
4.85615e+37
nan
3.3854e+38
1.33029e+07
1.25366e+07
8.4132e+14
1.92894e+38
1.51034e+38
-1.93283e-27
5.85437e+19
1.00522e+20
247.62
1.14739e-35
-2.60593e+38
7.5691e-29
5.34601e-28
-8.00921e+24
1.1996e+38
2.28652e+07
434.53
434.53
1.24684e-28
-3.54181e+21
8.40156e-24
1.03067e+07
-5.10866e-11
3.14097e+27    <--33
4.24208e+31
561.844
-1.79883
8.58564e-10
-4.15219e-25
-6.06774e-05
1.74738e+19
6.20316e+28
6.20315e+28
4.93858e-16
-1.91492e-06
8.7602e-16
5.77681e-37
-2.62522e+22
-1.79626e-26
2.07148e+33
1.89528e-31
-2.2667e+23
6.19286e+26
1.18533e-38
-3.73076e-37
5.0606e+30
1.48162e+08
1.48165e+08
2.66612e-30
1.19448e-38
5.29352e+36
1176.79
-6.64431e-09
3.60817e-28
-195.344
6.76688e+32
1.99426
1.53821e-39
-2.686e-38
2.10117e-38
3.38623e+38
-1.19413e-08
-1.22059e-08
-1.16405e-14
9.86023e-32
-3.96141e+28
0.0424793
1.40436e+38
1.75406e-38
205.259
1.14739e-35
-2.60593e+38
7.5691e-29
6.16643e-28
-6.82537e+21
1.31257e+38
4.53923e+08
6.13905e+13
6.13905e+13
-nan
1.54143e-44
2.89617e-11
-8.847e+11
-0.500587
63.6602    <--34
4.23886e+31
561.844
-1.79883
3.86663e+06
-1.41292e+14
-1.04166e+06
-2.91896e-33
1.10607e-26
1.10607e-26
-5.10211e+36
4.30339e-42
-1.27562e+38
5.28983e+08
3.53524e-39
-4.30773e-14
1.81743e-35
1.89528e-31
-2.2667e+23
6.19286e+26
1.16697e-38
-3.07973e-33
5.06061e+30
3.00202e+19
3.00299e+19
4.26879e+32
1.10202e-39
-1.86719
-3.92911e+36
8.84103e-16
4.16001e-25
-799436
6.76688e+32
1.99426
1.53821e-39
1.94516e+38
3.37226e-37
3.38711e+38
-4.18676e-26
-4.61621e-26
-1.26889e-14
9.86023e-32
-3.96141e+28
0.0424793
1.40436e+38
1.75406e-38
161.786
1.14739e-35
-2.60593e+38
7.5691e-29
6.98684e-28
-2.16176e+19
1.41903e+38
8.75417e+09
1.70316e+25
1.70316e+25
-nan
1.54143e-44
2.89617e-11
-8.847e+11
-0.500587
3.07631e-25    <--35
4.23985e+31
561.844
-1.79883
4.35344e+21
-9.94192e+27
-4.46848e+15
-5.10851e+36
8.87395e-07
8.87397e-07
-5.10212e+36
4.30339e-42
-1.27562e+38
5.28983e+08
3.53524e-39
-1.59922e-18
1.89266e-35
1.89528e-31
-2.2667e+23
6.19286e+26
1.15779e-38
8.3373e+37
5.06061e+30
1.15131e+31
1.15237e+31
4.2707e+32
1.10202e-39
-1.86719
-3.92911e+36
8.84103e-16
-1.48434e+20
-3.59715e+21
2.70679e+33
1.99426
1.53821e-39
4.86602e+37
3.22268e+13
3.3879e+38
-1.65486e+31
-1.96447e+31
-7.67371e+28
1.92172e+38
2.19487e-38
-3.22982e-27
5.17863e+10
6.79996e+10
117.234
3.08208e-24
-2.60591e+38
7.5691e-29
7.69928e-28
-1.15699e+23
1827.97
1.35539e+11
9.1587e+36
9.1587e+36
3.57331e-43
1.70803e+38
5.05125e-29
5.05125e-29
1.74037e+37
-1.9915e+12    <--36
1.06089e+31
560
-1.79883
1.91466e+34
4.35389e-19
-1.22785e+24
-3.41438e-15
-4.25297e+06
-4.25299e+06
9.16575e-41
1.17065e-38
-1.51546e-39
-1.51531e-39
6.79583e+10
0.00712031
2.183e+33
1.90298e-31
-2.2667e+23
6.19286e+26
1.19452e-38
-9.47034e-38
6.90967e+32
-7.19672e-35
-7.20442e-35
-nan
-9.59416e+27
-3.76011e-37
1179.99
180540
8.48767e-33
-8.36016e+11
6.76697e+32
1.99426
-1.79191e+29
-2.69092e-38
nan
3.38857e+38
-0.000805057
-0.00106605
-8.64879e+28
-1.04543e+34
-nan
-3.22642e-27
7.53009e-10
7.28282e-10
71.7817
1.14946e-35
-2.60593e+38
7.5691e-29
8.48321e-28
-4.20295e+23
1.605e+38
6.89116e+11
-7.39815e-29
-7.39815e-29
2.02038e-38
-2.38396e+23
nan
2.11618e+09
180513
7.97372e+29    <--37
7.8222e+31
561.844
-1.79883
-9.85881e-32
3.70366e+19
-8.018e+31
-6.50951e+10
-74.8795
-74.88
-1.44079e+17
1.94944e+06
-5.54805e-20
-4.08273e+36
7.28282e-10
-2.58693e+25
2.30468e+33
1.89528e-31
-2.2667e+23
6.19286e+26
1.16698e-38
-1.80654e-37
5.06062e+30
-8.61623e-23
-8.62769e-23
-nan
-9.59416e+27
-3.76011e-37
1179.99
180540
3.32987e+24
-3.58014e+21
2.70679e+33
1.99426
1.53821e-39
1.94838e+38
2.29892e+33
3.3893e+38
-3.92169e+21
-5.89887e+21
-9.89666e+28
-1.04543e+34
-nan
-3.22642e-27
7.53009e-10
7.28282e-10
25.4563
1.14947e-35
-2.60593e+38
7.5691e-29
9.68228e-28
-3.68939e+20
1.6914e+38
5.99396e+12
-1.09567e-16
-1.09567e-16
2.02038e-38
-2.38396e+23
nan
2.11618e+09
180513
5.06784e+18    <--38
7.87902e+31
561.86
2.38073e-23
2.53907e+30
-6.18744e-33
-4.70399e+21
-6.82571e+16
4.09348e-33
4.09351e-33
-1.70804e+38
1.17978e+06
-1.20304e-38
-4.07076e+36
12.5118
6.97212e+30
9.95712e-32
1.90298e-31
-2.2667e+23
1.08137e-38
1.19452e-38
-9.46808e-38
5.06061e+30
-1.02915e-10
-9.99003e-11
1.17258e-38
-2048.06
-6.01617e-36
-1.51069e-36
7.13405e-15
-2.09851e+06
nan
2.69785e+33
1.99426
1.21843e+32
-4.29538e-37
2.05138e-38
3.38561e+38
-6.48585e-28
-1.05544e-36
nan
9.14768e-41
-1.91843e-34
1.46939e-39
1.46939e-39
1.95156e-39
-18.0271
6.08081e-36
-2.60593e+38
-2.93593
4.35457e-28
-1.4772e+19
1.06676e+38
8.27219e+06
-3.68879e-05
-3.14042e-05
2.34182e-38
1.71019e+38
-1.54721e-33
-1.54719e-33
3.88056e-26
-2.74219e+19    <--39
-3.60571e+36
561.863
0.00702667
-3.88235e+25
1828.16
-2.00314e-31
4.69059e+27
3.0581e+34
6.62699e+15
-1.70804e+38
1.41427e-38
1.27219e-38
1.26735e-38
2.62503
5.17997e+08
-1.40556e+32
1.9048e-31
-2.2667e+23
1.07219e-38
1.23123e-38
-9.61493e-38
5.06058e+30
-5.44603
-4.24227
1.17322e-38
-1.69412e-21
-5.21912e-32
-2.47565e-32
7.13557e-15
131157
2.92248e-34
3.93305e+33
1.99426
3.04607e+31
-1.09591e-34
2.04861e-38
3.38156e+38
-0.00298014
-1.21246e-30
nan
9.14768e-41
-1.91843e-34
1.27653e-38
1.27653e-38
1.95156e-39
-55.8378
27.8119
-2.60593e+38
-2.93593
2.24039e-28
-9.22352e+18
7.06178e+37
5.98273
-329285
-239394
2.34182e-38
1.71003e+38
-2.47569e-32
-2.47565e-32
3.88056e-26
-2.47324e-38    <--40
-6.00653e+10
561.863
0.00702667
6.36064e+29
-2.48631e+27
65.0017
2.20551e-10
1.15042e+17
5.40292e-21
-1.70805e+38
1.48774e-38
1.29056e-38
1.28572e-38
2.62503
-1.0879e+07
-0.000422974
1.9048e-31
-2.2667e+23
1.063e-38
1.27714e-38
-9.46791e-38
5.06056e+30
-7.99377e+09
-5.6644e+09
1.17376e-38
-6.77647e-21
-2.08765e-31
-9.90289e-32
7.13579e-15
5.50112e+11
1.88237e+27
3.92866e+33
1.99426
7.61502e+30
-1.11878e-31
2.04589e-38
3.37798e+38
8.13938e+14
2.0352e-32
nan
9.14768e-41
-1.91842e-34
1.28572e-38
1.28572e-38
1.95156e-39
-88.8279
20.132
-2.60593e+38
-2.9203
1.26219e-28
-6.44923e+18
622.031
3.85823e-06
-8.45735e+13
-5.38313e+13
2.34182e-38
1.70956e+38
-9.90305e-32
-9.90289e-32
3.88056e-26
-6.2948    <--41
-1.99439e-30
561.863
0.00175667
3.86535e-34
-1.0889e-19
1.91029e-37
-4.87108e+30
-2.53432e-08
7.46745e+12
-1.70805e+38
1.44182e-38
1.29056e-38
1.28572e-38
2.62503
4.25014e+24
-40.1902
1.90479e-31
-2.2667e+23
1.05382e-38
1.32304e-38
-9.46782e-38
nan
-3.65226e+17
-2.1264e+17
1.17421e-38
-4.23529e-22
-2.08765e-31
-9.90289e-32
7.13579e-15
2.40897e-35
2.80831e+19
3.92026e+33
1.99426
7.61502e+30
-1.14265e-28
2.04312e-38
-1.28572e+07
1.32095e+25
-2.32006e+36
nan
9.14768e-41
-1.91842e-34
1.28572e-38
1.28572e-38
1.95156e-39
-117.593
9.69577
-2.60593e+38
-2.9203
7.7309e-29
-4.14335e+18
722.031
2.79187e-12
-6.26649e+20
-3.36379e+20
2.34182e-38
1.70941e+38
-9.90305e-32
-9.90289e-32
3.88056e-26
-1.7961e+34    <--42
3.66233e-29
563.926
6.82107e-13
131243
1.70079e-21
-9375.74
8.3306e-19
-2.01294e+15
2.05694e+18
-1.70805e+38
1.42352e-38
1.87733e-37
1.88093e-37
-2.76906e+06
-3.35116e-32
-5.88728e-19
1.89707e-31
-2.2667e+23
1.68747e-38
1.15771e-38
-2.94917e+17
5.68588e+32
-1.50389e+24
-7.83463e+23
1.1746e-38
-4.23529e-22
-4.68365e-38
-2.29592e-40
7.24464e-15
6.187e-33
-1.79887e+21
3.82411e+30
-1.69653e+38
-2.17969e-11
4.78561e+37
2.26629e-38
-5.6688e+19
3.10132e+09
-8.0509e+12
nan
9.14768e-41
-1.91842e-34
1.92502e-37
1.9544e-37
1.1732e-38
-142.615
9.08554
-2.60592e+38
-2.48828
2.21868e-29
-6.13347e+34
1.01476e+32
3.00715e-05
-2.24304e+27
-1.14569e+27
2.34182e-38
1.18095e-38
-3.83545e-37
-6.13682e-36
nan
1.09829e-26    <--43
4.43008e-29
563.707
3.37749e+15
-1.99993
4.6751e-10
-8.05821e-26
2.56785e-21
3.61788e+25
-3.69731e+28
-1.70805e+38
1.37753e-38
1.87733e-37
1.89563e-37
-2.62515
-8.67746e+22
2.3698e-15
1.65055e-31
1.97654
2.08924e-39
1.15769e-38
-1.26655e+27
33.3638
-2.11143e+30
-1.08911e+30
1.17497e-38
-1.03401e-25
nan
1.73459e+38
2.8976e-14
-1.03801e-25
1.29681e+38
-1.41841e-37
-4.24133e+37
2.23364e-08
4.76783e+37
-1.38405e-36
1.14961e-35
1.07062e-11
-2.84262e-08
nan
9.14768e-41
-1.91842e-34
1.88093e-37
1.89563e-37
1.1732e-38
-164.423
9.06803
-2.60594e+38
-1.72852
1.06004e-29
-5.19742e+32
7.74406e+31
4084.13
-1.22183e+33
-6.23585e+32
2.34182e-38
1.17166e-38
-9.58863e-38
-3.83528e-37
nan
5.20547e-14    <--44
1.36907e-28
562.301
2.42328e-27
1.19536e-07
1.44687e+17
1.28451e+25
3.66496e+24
-1.05296e-19
1.07615e-16
-1.70806e+38
nan
1.93216e-37
1.93971e-37
-2.62515
0.0346684
-4.59105e-14
2.05311e-31
1.97654
5.76276e-39
1.1944e-38
9.93401e-32
33.3636
-4.86142e+35
-2.50502e+35
1.17529e-38
-6.46254e-27
-3.76011e-37
-9.58792e-38
7.24464e-15
8223.94
3.00751e-31
-2.49528e-24
-1.06033e+37
2.82287e-37
-1.05008e-37
-3.60655e-37
1.14887e-35
-762.254
2.07069e+06
nan
9.14768e-41
-1.91842e-34
1.87352e-37
1.87352e-37
1.1732e-38
-183.399
9.0196
1.68721e+31
6.09515e+07
4.74511e+37
-3.60196e-37
6.79146e+31
-0.0115035
31.8418
-1.05615e+37
2.34182e-38
1.70904e+38
-2.29409e-40
-2.29233e-40
nan
-187.736    <--45
9.03963
8.40995e+12
-1.86687
4.1169e-30
-2.51504e+33
-4.0573e-23
0.000858388
1.48776e-38
3.58164e-39
-1.70806e+38
1.38277e-38
1.90326e-37
1.91761e-37
-2.62515
1.84621
7.61247e-29
-1.23545e+32
1.51271e-30
-3.76614e-37
5.78678e+17
0.00129703
2.18653e+06
2.64616e+33
8.287e-41
0
0
-65547.7
4.59093e-41
1.55092e+09
